Objectives = ['-0.2327624589507', '0.0028555800251', '0.0679701726511', '0.2202943093526']
The time of execution of above program is : 59993.16501617432 ms
==========================================================================================
n_gen  |  n_eval  | n_nds  |     cv_min    |     cv_avg    |      eps      |   indicator  
==========================================================================================
     1 |      179 |     16 |  0.000000E+00 |  0.000000E+00 |             - |             -
     2 |      358 |     10 |  0.000000E+00 |  0.000000E+00 |  0.4180009395 |         ideal
     3 |      537 |     10 |  0.000000E+00 |  0.000000E+00 |  0.4138405645 |         ideal
     4 |      716 |      8 |  0.000000E+00 |  0.000000E+00 |  0.0804804496 |         ideal
     5 |      895 |     13 |  0.000000E+00 |  0.000000E+00 |  0.0433700627 |         ideal
     6 |     1074 |      6 |  0.000000E+00 |  0.000000E+00 |  0.4363417650 |         ideal
     7 |     1253 |      5 |  0.000000E+00 |  0.000000E+00 |  0.0983230029 |         ideal
     8 |     1432 |      8 |  0.000000E+00 |  0.000000E+00 |  0.5093962882 |         ideal
     9 |     1611 |     11 |  0.000000E+00 |  0.000000E+00 |  0.0993670620 |         ideal
    10 |     1790 |     16 |  0.000000E+00 |  0.000000E+00 |  0.1560731082 |         ideal
    11 |     1969 |     15 |  0.000000E+00 |  0.000000E+00 |  0.1087690040 |         ideal
    12 |     2148 |     14 |  0.000000E+00 |  0.000000E+00 |  0.1749485206 |         nadir
    13 |     2327 |     20 |  0.000000E+00 |  0.000000E+00 |  0.0740137229 |         ideal
    14 |     2506 |     21 |  0.000000E+00 |  0.000000E+00 |  0.0057524289 |         ideal
    15 |     2685 |     17 |  0.000000E+00 |  0.000000E+00 |  0.1469894024 |         nadir
    16 |     2864 |     29 |  0.000000E+00 |  0.000000E+00 |  0.0853775219 |         ideal
    17 |     3043 |     39 |  0.000000E+00 |  0.000000E+00 |  0.1957817701 |         nadir
    18 |     3222 |     43 |  0.000000E+00 |  0.000000E+00 |  0.1171607433 |         nadir
    19 |     3401 |     41 |  0.000000E+00 |  0.000000E+00 |  0.1140116258 |         ideal
    20 |     3580 |     32 |  0.000000E+00 |  0.000000E+00 |  0.3020893773 |         ideal
    21 |     3759 |     38 |  0.000000E+00 |  0.000000E+00 |  0.1275207011 |         nadir
    22 |     3938 |     44 |  0.000000E+00 |  0.000000E+00 |  0.0076007088 |         ideal
    23 |     4117 |     30 |  0.000000E+00 |  0.000000E+00 |  0.0151718937 |         ideal
    24 |     4296 |     37 |  0.000000E+00 |  0.000000E+00 |  0.0435405300 |         ideal
    25 |     4475 |     54 |  0.000000E+00 |  0.000000E+00 |  0.0062913778 |         ideal
    26 |     4654 |     47 |  0.000000E+00 |  0.000000E+00 |  0.0062520438 |         ideal
    27 |     4833 |     44 |  0.000000E+00 |  0.000000E+00 |  0.0529519556 |         ideal
    28 |     5012 |     51 |  0.000000E+00 |  0.000000E+00 |  0.0533426650 |             f
    29 |     5191 |     76 |  0.000000E+00 |  0.000000E+00 |  0.0293619294 |         nadir
    30 |     5370 |     54 |  0.000000E+00 |  0.000000E+00 |  0.0557516324 |         ideal
    31 |     5549 |     76 |  0.000000E+00 |  0.000000E+00 |  0.1149137838 |         ideal
    32 |     5728 |     62 |  0.000000E+00 |  0.000000E+00 |  0.0714201775 |             f
    33 |     5907 |     61 |  0.000000E+00 |  0.000000E+00 |  0.0563573488 |             f
    34 |     6086 |     59 |  0.000000E+00 |  0.000000E+00 |  0.0126808872 |         ideal
    35 |     6265 |     61 |  0.000000E+00 |  0.000000E+00 |  0.0211051256 |             f
    36 |     6444 |     61 |  0.000000E+00 |  0.000000E+00 |  0.0122295258 |             f
    37 |     6623 |     64 |  0.000000E+00 |  0.000000E+00 |  0.0281167887 |             f
    38 |     6802 |     58 |  0.000000E+00 |  0.000000E+00 |  0.2904394806 |         nadir
    39 |     6981 |     61 |  0.000000E+00 |  0.000000E+00 |  0.0624499531 |         nadir
    40 |     7160 |     63 |  0.000000E+00 |  0.000000E+00 |  0.0448807652 |         nadir
    41 |     7339 |     66 |  0.000000E+00 |  0.000000E+00 |  0.0480642206 |         nadir
    42 |     7518 |     67 |  0.000000E+00 |  0.000000E+00 |  0.0257272801 |             f
    43 |     7697 |     66 |  0.000000E+00 |  0.000000E+00 |  0.0717272539 |         nadir
    44 |     7876 |     69 |  0.000000E+00 |  0.000000E+00 |  0.0053093226 |         ideal
    45 |     8055 |     76 |  0.000000E+00 |  0.000000E+00 |  0.0987906803 |         nadir
    46 |     8234 |     76 |  0.000000E+00 |  0.000000E+00 |  0.0053376619 |         ideal
    47 |     8413 |     78 |  0.000000E+00 |  0.000000E+00 |  0.1129686548 |         nadir
    48 |     8592 |     79 |  0.000000E+00 |  0.000000E+00 |  0.0456391443 |         nadir
    49 |     8771 |     81 |  0.000000E+00 |  0.000000E+00 |  0.0735486791 |         nadir
    50 |     8950 |     88 |  0.000000E+00 |  0.000000E+00 |  0.0075902625 |         ideal
    51 |     9129 |     92 |  0.000000E+00 |  0.000000E+00 |  0.0592001619 |         nadir
    52 |     9308 |     96 |  0.000000E+00 |  0.000000E+00 |  0.0160121900 |         nadir
    53 |     9487 |     96 |  0.000000E+00 |  0.000000E+00 |  0.0039112284 |         ideal
    54 |     9666 |     91 |  0.000000E+00 |  0.000000E+00 |  0.0317102746 |         nadir
    55 |     9845 |     92 |  0.000000E+00 |  0.000000E+00 |  0.0037034397 |         ideal
    56 |    10024 |     90 |  0.000000E+00 |  0.000000E+00 |  0.0143542831 |         nadir
    57 |    10203 |     97 |  0.000000E+00 |  0.000000E+00 |  0.0030042245 |         nadir
    58 |    10382 |     97 |  0.000000E+00 |  0.000000E+00 |  0.0037172061 |         ideal
    59 |    10561 |    104 |  0.000000E+00 |  0.000000E+00 |  0.0283382623 |             f
    60 |    10740 |    106 |  0.000000E+00 |  0.000000E+00 |  0.0120441961 |             f
    61 |    10919 |    108 |  0.000000E+00 |  0.000000E+00 |  0.0312998506 |         nadir
    62 |    11098 |    109 |  0.000000E+00 |  0.000000E+00 |  0.0143563503 |             f
    63 |    11277 |    108 |  0.000000E+00 |  0.000000E+00 |  0.0746859912 |         nadir
    64 |    11456 |    105 |  0.000000E+00 |  0.000000E+00 |  0.0026382620 |         ideal
    65 |    11635 |    108 |  0.000000E+00 |  0.000000E+00 |  0.0106464762 |             f
    66 |    11814 |    108 |  0.000000E+00 |  0.000000E+00 |  0.0100627970 |             f
    67 |    11993 |    103 |  0.000000E+00 |  0.000000E+00 |  0.0247555245 |             f
    68 |    12172 |    104 |  0.000000E+00 |  0.000000E+00 |  0.0273595700 |         nadir
    69 |    12351 |    107 |  0.000000E+00 |  0.000000E+00 |  0.0323920381 |         nadir
    70 |    12530 |    109 |  0.000000E+00 |  0.000000E+00 |  0.0090404654 |         nadir
    71 |    12709 |    109 |  0.000000E+00 |  0.000000E+00 |  0.0020877581 |             f
    72 |    12888 |    110 |  0.000000E+00 |  0.000000E+00 |  0.0106751614 |             f
    73 |    13067 |    108 |  0.000000E+00 |  0.000000E+00 |  0.0518988307 |         nadir
    74 |    13246 |    108 |  0.000000E+00 |  0.000000E+00 |  0.0083187153 |             f
    75 |    13425 |    109 |  0.000000E+00 |  0.000000E+00 |  0.0300606895 |         nadir
    76 |    13604 |    108 |  0.000000E+00 |  0.000000E+00 |  0.0052542128 |             f
    77 |    13783 |    109 |  0.000000E+00 |  0.000000E+00 |  0.0037739466 |             f
    78 |    13962 |    110 |  0.000000E+00 |  0.000000E+00 |  0.0098713988 |             f
    79 |    14141 |    111 |  0.000000E+00 |  0.000000E+00 |  0.0059302463 |             f
    80 |    14320 |    112 |  0.000000E+00 |  0.000000E+00 |  0.0074640416 |             f
    81 |    14499 |    113 |  0.000000E+00 |  0.000000E+00 |  0.0198641901 |         nadir
    82 |    14678 |    113 |  0.000000E+00 |  0.000000E+00 |  0.0044266572 |             f
    83 |    14857 |    113 |  0.000000E+00 |  0.000000E+00 |  0.0056961868 |             f
    84 |    15036 |    114 |  0.000000E+00 |  0.000000E+00 |  0.2267643184 |         nadir
    85 |    15215 |    117 |  0.000000E+00 |  0.000000E+00 |  0.1442879893 |         nadir
    86 |    15394 |    119 |  0.000000E+00 |  0.000000E+00 |  0.0283991753 |         nadir
    87 |    15573 |    120 |  0.000000E+00 |  0.000000E+00 |  0.0163329890 |             f
    88 |    15752 |    120 |  0.000000E+00 |  0.000000E+00 |  0.0080363595 |             f
    89 |    15931 |    122 |  0.000000E+00 |  0.000000E+00 |  0.0066079221 |             f
    90 |    16110 |    123 |  0.000000E+00 |  0.000000E+00 |  0.0045191130 |         nadir
    91 |    16289 |    124 |  0.000000E+00 |  0.000000E+00 |  0.0142208477 |             f
    92 |    16468 |    124 |  0.000000E+00 |  0.000000E+00 |  0.0097018965 |             f
    93 |    16647 |    124 |  0.000000E+00 |  0.000000E+00 |  0.0467078758 |         nadir
    94 |    16826 |    124 |  0.000000E+00 |  0.000000E+00 |  0.0094125343 |             f
    95 |    17005 |    127 |  0.000000E+00 |  0.000000E+00 |  0.0120095224 |             f
    96 |    17184 |    128 |  0.000000E+00 |  0.000000E+00 |  0.0096719838 |             f
    97 |    17363 |    130 |  0.000000E+00 |  0.000000E+00 |  0.0160734989 |         nadir
    98 |    17542 |    130 |  0.000000E+00 |  0.000000E+00 |  0.0082026516 |             f
    99 |    17721 |    132 |  0.000000E+00 |  0.000000E+00 |  0.0136278250 |             f
   100 |    17900 |    133 |  0.000000E+00 |  0.000000E+00 |  0.0032738150 |             f
   101 |    18079 |    133 |  0.000000E+00 |  0.000000E+00 |  0.0045503337 |             f
   102 |    18258 |    133 |  0.000000E+00 |  0.000000E+00 |  0.0055341271 |         nadir
   103 |    18437 |    133 |  0.000000E+00 |  0.000000E+00 |  0.0055904198 |             f
   104 |    18616 |    133 |  0.000000E+00 |  0.000000E+00 |  0.0113082246 |             f
   105 |    18795 |    133 |  0.000000E+00 |  0.000000E+00 |  0.0073149512 |         nadir
   106 |    18974 |    132 |  0.000000E+00 |  0.000000E+00 |  0.0166482479 |         nadir
   107 |    19153 |    134 |  0.000000E+00 |  0.000000E+00 |  0.0067195165 |             f
   108 |    19332 |    134 |  0.000000E+00 |  0.000000E+00 |  0.0051313268 |             f
   109 |    19511 |    133 |  0.000000E+00 |  0.000000E+00 |  0.0191855781 |         nadir
   110 |    19690 |    133 |  0.000000E+00 |  0.000000E+00 |  0.0029287340 |             f
   111 |    19869 |    133 |  0.000000E+00 |  0.000000E+00 |  0.0033538348 |             f
   112 |    20048 |    133 |  0.000000E+00 |  0.000000E+00 |  0.0059008869 |             f
   113 |    20227 |    133 |  0.000000E+00 |  0.000000E+00 |  0.0050328856 |             f
   114 |    20406 |    133 |  0.000000E+00 |  0.000000E+00 |  0.0033543001 |             f
   115 |    20585 |    132 |  0.000000E+00 |  0.000000E+00 |  0.0233926552 |         nadir
   116 |    20764 |    133 |  0.000000E+00 |  0.000000E+00 |  0.0080976314 |         nadir
   117 |    20943 |    109 |  0.000000E+00 |  0.000000E+00 |  0.0080325865 |         nadir
   118 |    21122 |    108 |  0.000000E+00 |  0.000000E+00 |  0.0125705172 |             f
   119 |    21301 |    111 |  0.000000E+00 |  0.000000E+00 |  0.0157550131 |             f
   120 |    21480 |    113 |  0.000000E+00 |  0.000000E+00 |  0.0094316489 |         nadir
   121 |    21659 |    116 |  0.000000E+00 |  0.000000E+00 |  0.1371412845 |         nadir
   122 |    21838 |    118 |  0.000000E+00 |  0.000000E+00 |  0.0116649310 |             f
   123 |    22017 |    117 |  0.000000E+00 |  0.000000E+00 |  0.0097091166 |             f
   124 |    22196 |    118 |  0.000000E+00 |  0.000000E+00 |  0.0141960557 |             f
   125 |    22375 |    118 |  0.000000E+00 |  0.000000E+00 |  0.0100416687 |             f
   126 |    22554 |    119 |  0.000000E+00 |  0.000000E+00 |  0.0125891312 |             f
   127 |    22733 |    119 |  0.000000E+00 |  0.000000E+00 |  0.0114933765 |             f
   128 |    22912 |    119 |  0.000000E+00 |  0.000000E+00 |  0.0042960350 |             f
   129 |    23091 |    120 |  0.000000E+00 |  0.000000E+00 |  0.0060460109 |         nadir
   130 |    23270 |    121 |  0.000000E+00 |  0.000000E+00 |  0.0062050593 |             f
   131 |    23449 |    121 |  0.000000E+00 |  0.000000E+00 |  0.0493859259 |         nadir
   132 |    23628 |    121 |  0.000000E+00 |  0.000000E+00 |  0.0039401894 |             f
   133 |    23807 |    121 |  0.000000E+00 |  0.000000E+00 |  0.0044918696 |             f
   134 |    23986 |    122 |  0.000000E+00 |  0.000000E+00 |  0.0067013727 |             f
   135 |    24165 |    121 |  0.000000E+00 |  0.000000E+00 |  0.0036718364 |             f
   136 |    24344 |    123 |  0.000000E+00 |  0.000000E+00 |  0.0053348685 |             f
   137 |    24523 |    124 |  0.000000E+00 |  0.000000E+00 |  0.0031488723 |             f
   138 |    24702 |    125 |  0.000000E+00 |  0.000000E+00 |  0.0072982906 |             f
   139 |    24881 |    125 |  0.000000E+00 |  0.000000E+00 |  0.0025550954 |             f
   140 |    25060 |    126 |  0.000000E+00 |  0.000000E+00 |  0.0039067521 |             f
   141 |    25239 |    126 |  0.000000E+00 |  0.000000E+00 |  0.0040925798 |             f
   142 |    25418 |    127 |  0.000000E+00 |  0.000000E+00 |  0.0038031983 |             f
   143 |    25597 |    126 |  0.000000E+00 |  0.000000E+00 |  0.0039394904 |             f
   144 |    25776 |    126 |  0.000000E+00 |  0.000000E+00 |  0.0050939614 |             f
   145 |    25955 |    127 |  0.000000E+00 |  0.000000E+00 |  0.0047046903 |             f
   146 |    26134 |    127 |  0.000000E+00 |  0.000000E+00 |  0.0046442981 |             f
   147 |    26313 |    127 |  0.000000E+00 |  0.000000E+00 |  0.0036147189 |             f
   148 |    26492 |    127 |  0.000000E+00 |  0.000000E+00 |  0.0023584530 |             f
   149 |    26671 |    127 |  0.000000E+00 |  0.000000E+00 |  0.0048641734 |             f
   150 |    26850 |    127 |  0.000000E+00 |  0.000000E+00 |  0.0035017626 |             f
   151 |    27029 |    127 |  0.000000E+00 |  0.000000E+00 |  0.0036036372 |             f
   152 |    27208 |    127 |  0.000000E+00 |  0.000000E+00 |  0.0016372990 |             f
   153 |    27387 |    127 |  0.000000E+00 |  0.000000E+00 |  0.0037029674 |             f
   154 |    27566 |    127 |  0.000000E+00 |  0.000000E+00 |  0.0013250234 |             f
   155 |    27745 |    127 |  0.000000E+00 |  0.000000E+00 |  0.0037260295 |             f
   156 |    27924 |    127 |  0.000000E+00 |  0.000000E+00 |  0.0031857175 |             f
   157 |    28103 |    127 |  0.000000E+00 |  0.000000E+00 |  0.0035126376 |             f
   158 |    28282 |    127 |  0.000000E+00 |  0.000000E+00 |  0.0022221294 |             f
   159 |    28461 |    127 |  0.000000E+00 |  0.000000E+00 |  0.0065368756 |             f
   160 |    28640 |    127 |  0.000000E+00 |  0.000000E+00 |  0.0047101341 |             f
   161 |    28819 |    127 |  0.000000E+00 |  0.000000E+00 |  0.0034449169 |             f
   162 |    28998 |    126 |  0.000000E+00 |  0.000000E+00 |  0.0023835752 |             f
   163 |    29177 |    129 |  0.000000E+00 |  0.000000E+00 |  0.0057414546 |             f
   164 |    29356 |    128 |  0.000000E+00 |  0.000000E+00 |  0.0144663916 |         nadir
   165 |    29535 |    128 |  0.000000E+00 |  0.000000E+00 |  0.0021003036 |             f
   166 |    29714 |    128 |  0.000000E+00 |  0.000000E+00 |  0.1342200965 |         nadir
   167 |    29893 |    128 |  0.000000E+00 |  0.000000E+00 |  0.0028717011 |             f
   168 |    30072 |    126 |  0.000000E+00 |  0.000000E+00 |  0.0209287721 |             f
   169 |    30251 |    128 |  0.000000E+00 |  0.000000E+00 |  0.1549980213 |         nadir
   170 |    30430 |    129 |  0.000000E+00 |  0.000000E+00 |  0.0162876291 |         nadir
   171 |    30609 |    128 |  0.000000E+00 |  0.000000E+00 |  0.0251421174 |         nadir
   172 |    30788 |    130 |  0.000000E+00 |  0.000000E+00 |  0.0096128086 |             f
   173 |    30967 |    133 |  0.000000E+00 |  0.000000E+00 |  0.0099779078 |             f
   174 |    31146 |    135 |  0.000000E+00 |  0.000000E+00 |  0.0077565475 |             f
   175 |    31325 |    135 |  0.000000E+00 |  0.000000E+00 |  0.0080493604 |             f
   176 |    31504 |    135 |  0.000000E+00 |  0.000000E+00 |  0.0416508163 |         nadir
   177 |    31683 |    135 |  0.000000E+00 |  0.000000E+00 |  0.0026806856 |         nadir
   178 |    31862 |    136 |  0.000000E+00 |  0.000000E+00 |  0.0081148841 |             f
   179 |    32041 |    137 |  0.000000E+00 |  0.000000E+00 |  0.0060268193 |             f
   180 |    32220 |    134 |  0.000000E+00 |  0.000000E+00 |  0.0119135251 |             f
   181 |    32399 |    132 |  0.000000E+00 |  0.000000E+00 |  0.0034982183 |             f
   182 |    32578 |    133 |  0.000000E+00 |  0.000000E+00 |  0.0052033585 |             f
   183 |    32757 |    133 |  0.000000E+00 |  0.000000E+00 |  0.0037256350 |             f
   184 |    32936 |    133 |  0.000000E+00 |  0.000000E+00 |  0.0037192734 |             f
   185 |    33115 |    133 |  0.000000E+00 |  0.000000E+00 |  0.0030824527 |             f
   186 |    33294 |    133 |  0.000000E+00 |  0.000000E+00 |  0.0047214452 |             f
   187 |    33473 |    133 |  0.000000E+00 |  0.000000E+00 |  0.0165972916 |         nadir
   188 |    33652 |    132 |  0.000000E+00 |  0.000000E+00 |  0.0042473769 |             f
   189 |    33831 |    133 |  0.000000E+00 |  0.000000E+00 |  0.0064196265 |             f
   190 |    34010 |    133 |  0.000000E+00 |  0.000000E+00 |  0.0040260381 |             f
   191 |    34189 |    133 |  0.000000E+00 |  0.000000E+00 |  0.0049830400 |             f
   192 |    34368 |    133 |  0.000000E+00 |  0.000000E+00 |  0.0048766219 |         nadir
   193 |    34547 |    135 |  0.000000E+00 |  0.000000E+00 |  0.0052813166 |             f
   194 |    34726 |    135 |  0.000000E+00 |  0.000000E+00 |  0.0041864811 |             f
   195 |    34905 |    134 |  0.000000E+00 |  0.000000E+00 |  0.0071970128 |             f
   196 |    35084 |    135 |  0.000000E+00 |  0.000000E+00 |  0.0049530444 |         nadir
   197 |    35263 |    135 |  0.000000E+00 |  0.000000E+00 |  0.0138515970 |         nadir
   198 |    35442 |    135 |  0.000000E+00 |  0.000000E+00 |  0.0020227909 |             f
   199 |    35621 |    134 |  0.000000E+00 |  0.000000E+00 |  0.0055263175 |             f
   200 |    35800 |    134 |  0.000000E+00 |  0.000000E+00 |  0.0008940541 |             f
Begin print with Final Cash: 123276.2458950741420 => return: 0.2327624589507
Month 1:
  Buy: Stock ABT, Amount: 28
  Buy: Stock ACB, Amount: 18
  Buy: Stock ACL, Amount: 3
  Buy: Stock AGF, Amount: 2
  Buy: Stock ANV, Amount: 3
  Buy: Stock ASP, Amount: 6
  Buy: Stock B82, Amount: 1
  Buy: Stock BBC, Amount: 4
  Buy: Stock CTB, Amount: 4
  Buy: Stock GTA, Amount: 1
  Bank Deposit: 98003.11
Month 2:
  Buy: Stock BMP, Amount: 3
  Buy: Stock CAP, Amount: 109
  Buy: Stock CID, Amount: 1
  Buy: Stock CMC, Amount: 19
  Buy: Stock DCS, Amount: 3
  Buy: Stock HAS, Amount: 192
  Buy: Stock HJS, Amount: 1001
  Sell: Stock BBC, Amount: 4.0
  Sell: Stock CTB, Amount: 4.0
  Bank Deposit: 53316.29
Month 3:
  Buy: Stock ABT, Amount: 3
  Buy: Stock ACL, Amount: 1
  Buy: Stock AGF, Amount: 2
  Buy: Stock BST, Amount: 22
  Buy: Stock DPM, Amount: 1
  Buy: Stock DXV, Amount: 378
  Buy: Stock FMC, Amount: 30
  Buy: Stock GIL, Amount: 494
  Buy: Stock GMC, Amount: 18
  Buy: Stock IMP, Amount: 29
  Buy: Stock KMR, Amount: 201
  Buy: Stock LSS, Amount: 4863
  Sell: Stock ASP, Amount: 6.0
  Sell: Stock CAP, Amount: 12.0
  Sell: Stock CMC, Amount: 19.0
  Sell: Stock DXV, Amount: 316.0
  Sell: Stock KMR, Amount: 187.0
  Sell: Stock LSS, Amount: 1679.0
  Dividends: 1288.10
  Bank Deposit: 4.15
Month 4:
  Sell: Stock ABT, Amount: 31.0
  Sell: Stock ACB, Amount: 18.0
  Sell: Stock ACL, Amount: 4.0
  Sell: Stock AGF, Amount: 4.0
  Sell: Stock ANV, Amount: 3.0
  Sell: Stock B82, Amount: 1.0
  Sell: Stock BMP, Amount: 3.0
  Sell: Stock BST, Amount: 22.0
  Sell: Stock CAP, Amount: 97.0
  Sell: Stock CID, Amount: 1.0
  Sell: Stock DCS, Amount: 3.0
  Sell: Stock DPM, Amount: 1.0
  Sell: Stock DXV, Amount: 62.0
  Sell: Stock FMC, Amount: 30.0
  Sell: Stock GIL, Amount: 494.0
  Sell: Stock GMC, Amount: 18.0
  Sell: Stock GTA, Amount: 1.0
  Sell: Stock HAS, Amount: 87.0
  Sell: Stock HJS, Amount: 1001.0
  Sell: Stock IMP, Amount: 29.0
  Sell: Stock KMR, Amount: 14.0
  Sell: Stock LSS, Amount: 1722.0
  Sell: Stock HAS, Amount: 105.0
  Sell: Stock LSS, Amount: 1462.0
  Bank Deposit: 17557.18


Final Cash: 123276.2458950741420 => return: 0.2327624589507
