Objectives = ['-0.0700231410498', '0.0030863966491', '0.0445778655200']
The time of execution of above program is : 46559.25989151001 ms
==========================================================================================
n_gen  |  n_eval  | n_nds  |     cv_min    |     cv_avg    |      eps      |   indicator  
==========================================================================================
     1 |      179 |      9 |  0.000000E+00 |  0.000000E+00 |             - |             -
     2 |      358 |      6 |  0.000000E+00 |  0.000000E+00 |  0.8639228443 |         ideal
     3 |      537 |      9 |  0.000000E+00 |  0.000000E+00 |  0.0068217423 |         ideal
     4 |      716 |     14 |  0.000000E+00 |  0.000000E+00 |  0.0349940371 |         ideal
     5 |      895 |     12 |  0.000000E+00 |  0.000000E+00 |  0.3381706742 |         ideal
     6 |     1074 |     21 |  0.000000E+00 |  0.000000E+00 |  0.0280126853 |         ideal
     7 |     1253 |     30 |  0.000000E+00 |  0.000000E+00 |  0.0847730445 |         ideal
     8 |     1432 |     20 |  0.000000E+00 |  0.000000E+00 |  0.3752381878 |         nadir
     9 |     1611 |     26 |  0.000000E+00 |  0.000000E+00 |  0.0083252605 |         ideal
    10 |     1790 |     30 |  0.000000E+00 |  0.000000E+00 |  0.0245036496 |         ideal
    11 |     1969 |     32 |  0.000000E+00 |  0.000000E+00 |  0.0144089927 |         ideal
    12 |     2148 |     35 |  0.000000E+00 |  0.000000E+00 |  0.0830226713 |         ideal
    13 |     2327 |     40 |  0.000000E+00 |  0.000000E+00 |  0.0056539309 |         ideal
    14 |     2506 |     62 |  0.000000E+00 |  0.000000E+00 |  0.0114118899 |         ideal
    15 |     2685 |     67 |  0.000000E+00 |  0.000000E+00 |  0.0383668771 |         ideal
    16 |     2864 |     76 |  0.000000E+00 |  0.000000E+00 |  0.0718440258 |         nadir
    17 |     3043 |     83 |  0.000000E+00 |  0.000000E+00 |  0.0104382546 |         ideal
    18 |     3222 |     80 |  0.000000E+00 |  0.000000E+00 |  0.0155147685 |         ideal
    19 |     3401 |     84 |  0.000000E+00 |  0.000000E+00 |  0.0264076681 |         ideal
    20 |     3580 |     88 |  0.000000E+00 |  0.000000E+00 |  0.0571470304 |         ideal
    21 |     3759 |     86 |  0.000000E+00 |  0.000000E+00 |  0.0449079619 |         ideal
    22 |     3938 |     87 |  0.000000E+00 |  0.000000E+00 |  0.0454989510 |         ideal
    23 |     4117 |     86 |  0.000000E+00 |  0.000000E+00 |  0.0267464202 |         nadir
    24 |     4296 |     98 |  0.000000E+00 |  0.000000E+00 |  0.0259361389 |             f
    25 |     4475 |    105 |  0.000000E+00 |  0.000000E+00 |  0.0154076822 |         ideal
    26 |     4654 |    112 |  0.000000E+00 |  0.000000E+00 |  0.0427129139 |         ideal
    27 |     4833 |     77 |  0.000000E+00 |  0.000000E+00 |  0.2332697177 |         ideal
    28 |     5012 |     81 |  0.000000E+00 |  0.000000E+00 |  0.0073442917 |         nadir
    29 |     5191 |     85 |  0.000000E+00 |  0.000000E+00 |  0.0222662963 |         ideal
    30 |     5370 |     88 |  0.000000E+00 |  0.000000E+00 |  0.0143929747 |         nadir
    31 |     5549 |     87 |  0.000000E+00 |  0.000000E+00 |  0.0532042318 |         nadir
    32 |     5728 |     85 |  0.000000E+00 |  0.000000E+00 |  0.0627066463 |         ideal
    33 |     5907 |     77 |  0.000000E+00 |  0.000000E+00 |  0.0168705505 |         ideal
    34 |     6086 |     80 |  0.000000E+00 |  0.000000E+00 |  0.0491298448 |         nadir
    35 |     6265 |     89 |  0.000000E+00 |  0.000000E+00 |  0.0071326417 |         ideal
    36 |     6444 |     77 |  0.000000E+00 |  0.000000E+00 |  0.0188783570 |         ideal
    37 |     6623 |     81 |  0.000000E+00 |  0.000000E+00 |  0.0056963481 |         ideal
    38 |     6802 |     78 |  0.000000E+00 |  0.000000E+00 |  0.1020798341 |         nadir
    39 |     6981 |     80 |  0.000000E+00 |  0.000000E+00 |  0.0365072634 |         ideal
    40 |     7160 |     86 |  0.000000E+00 |  0.000000E+00 |  0.0094858095 |         nadir
    41 |     7339 |     93 |  0.000000E+00 |  0.000000E+00 |  0.0557208669 |         nadir
    42 |     7518 |     97 |  0.000000E+00 |  0.000000E+00 |  0.0280011039 |         ideal
    43 |     7697 |    102 |  0.000000E+00 |  0.000000E+00 |  0.0616281101 |         nadir
    44 |     7876 |    104 |  0.000000E+00 |  0.000000E+00 |  0.0312335658 |         nadir
    45 |     8055 |    104 |  0.000000E+00 |  0.000000E+00 |  0.0032087501 |         ideal
    46 |     8234 |    110 |  0.000000E+00 |  0.000000E+00 |  0.0273201257 |         nadir
    47 |     8413 |    112 |  0.000000E+00 |  0.000000E+00 |  0.0079146563 |             f
    48 |     8592 |    118 |  0.000000E+00 |  0.000000E+00 |  0.0185891012 |         nadir
    49 |     8771 |    120 |  0.000000E+00 |  0.000000E+00 |  0.0030404010 |         ideal
    50 |     8950 |    121 |  0.000000E+00 |  0.000000E+00 |  0.0033250029 |         ideal
    51 |     9129 |    124 |  0.000000E+00 |  0.000000E+00 |  0.0079256634 |             f
    52 |     9308 |    125 |  0.000000E+00 |  0.000000E+00 |  0.0065200744 |             f
    53 |     9487 |    125 |  0.000000E+00 |  0.000000E+00 |  0.0064037048 |             f
    54 |     9666 |    125 |  0.000000E+00 |  0.000000E+00 |  0.0067217370 |         ideal
    55 |     9845 |    128 |  0.000000E+00 |  0.000000E+00 |  0.0058990342 |             f
    56 |    10024 |    118 |  0.000000E+00 |  0.000000E+00 |  0.0290650438 |         ideal
    57 |    10203 |    120 |  0.000000E+00 |  0.000000E+00 |  0.0067543616 |             f
    58 |    10382 |    122 |  0.000000E+00 |  0.000000E+00 |  0.0100300339 |         nadir
    59 |    10561 |    123 |  0.000000E+00 |  0.000000E+00 |  0.0071007847 |             f
    60 |    10740 |    125 |  0.000000E+00 |  0.000000E+00 |  0.0056821566 |             f
    61 |    10919 |    126 |  0.000000E+00 |  0.000000E+00 |  0.0064214534 |         nadir
    62 |    11098 |    127 |  0.000000E+00 |  0.000000E+00 |  0.0057192774 |             f
    63 |    11277 |    130 |  0.000000E+00 |  0.000000E+00 |  0.0157423507 |         nadir
    64 |    11456 |    131 |  0.000000E+00 |  0.000000E+00 |  0.0170866111 |         nadir
    65 |    11635 |    130 |  0.000000E+00 |  0.000000E+00 |  0.0041277168 |             f
    66 |    11814 |    131 |  0.000000E+00 |  0.000000E+00 |  0.0025634834 |             f
    67 |    11993 |    132 |  0.000000E+00 |  0.000000E+00 |  0.0045955191 |         ideal
    68 |    12172 |    132 |  0.000000E+00 |  0.000000E+00 |  0.0159941360 |         nadir
    69 |    12351 |    132 |  0.000000E+00 |  0.000000E+00 |  0.0045527332 |         nadir
    70 |    12530 |    134 |  0.000000E+00 |  0.000000E+00 |  0.0037441860 |             f
    71 |    12709 |    134 |  0.000000E+00 |  0.000000E+00 |  0.0026800522 |             f
    72 |    12888 |    133 |  0.000000E+00 |  0.000000E+00 |  0.0032755358 |             f
    73 |    13067 |    135 |  0.000000E+00 |  0.000000E+00 |  0.0035880707 |         ideal
    74 |    13246 |    134 |  0.000000E+00 |  0.000000E+00 |  0.0016357235 |             f
    75 |    13425 |    135 |  0.000000E+00 |  0.000000E+00 |  0.0042766977 |             f
    76 |    13604 |    135 |  0.000000E+00 |  0.000000E+00 |  0.0026375322 |             f
    77 |    13783 |    135 |  0.000000E+00 |  0.000000E+00 |  0.0013434516 |             f
    78 |    13962 |    136 |  0.000000E+00 |  0.000000E+00 |  0.0053476363 |             f
    79 |    14141 |    135 |  0.000000E+00 |  0.000000E+00 |  0.0038564400 |             f
    80 |    14320 |    135 |  0.000000E+00 |  0.000000E+00 |  0.0026413248 |             f
    81 |    14499 |    135 |  0.000000E+00 |  0.000000E+00 |  0.0016592255 |             f
    82 |    14678 |    134 |  0.000000E+00 |  0.000000E+00 |  0.0210168541 |         nadir
    83 |    14857 |    135 |  0.000000E+00 |  0.000000E+00 |  0.0036266484 |             f
    84 |    15036 |    135 |  0.000000E+00 |  0.000000E+00 |  0.0030449038 |             f
    85 |    15215 |    137 |  0.000000E+00 |  0.000000E+00 |  0.0196642131 |         nadir
    86 |    15394 |    138 |  0.000000E+00 |  0.000000E+00 |  0.0040999606 |             f
    87 |    15573 |    139 |  0.000000E+00 |  0.000000E+00 |  0.0026760598 |             f
    88 |    15752 |    140 |  0.000000E+00 |  0.000000E+00 |  0.0022977728 |             f
    89 |    15931 |    139 |  0.000000E+00 |  0.000000E+00 |  0.0044344437 |         nadir
    90 |    16110 |    116 |  0.000000E+00 |  0.000000E+00 |  0.0948410157 |         ideal
    91 |    16289 |    115 |  0.000000E+00 |  0.000000E+00 |  0.0088885531 |             f
    92 |    16468 |    116 |  0.000000E+00 |  0.000000E+00 |  0.0353975553 |         nadir
    93 |    16647 |    116 |  0.000000E+00 |  0.000000E+00 |  0.0049802631 |             f
    94 |    16826 |     94 |  0.000000E+00 |  0.000000E+00 |  0.1064305706 |         ideal
    95 |    17005 |     95 |  0.000000E+00 |  0.000000E+00 |  0.0221913968 |             f
    96 |    17184 |     98 |  0.000000E+00 |  0.000000E+00 |  0.0133623583 |         nadir
    97 |    17363 |    100 |  0.000000E+00 |  0.000000E+00 |  0.0039310112 |         ideal
    98 |    17542 |    103 |  0.000000E+00 |  0.000000E+00 |  0.0177882285 |             f
    99 |    17721 |     98 |  0.000000E+00 |  0.000000E+00 |  0.0253310360 |         ideal
   100 |    17900 |     99 |  0.000000E+00 |  0.000000E+00 |  0.0087729701 |         nadir
   101 |    18079 |     93 |  0.000000E+00 |  0.000000E+00 |  0.0538324933 |         ideal
   102 |    18258 |     97 |  0.000000E+00 |  0.000000E+00 |  0.0209429781 |             f
   103 |    18437 |     98 |  0.000000E+00 |  0.000000E+00 |  0.0120094848 |             f
   104 |    18616 |    104 |  0.000000E+00 |  0.000000E+00 |  0.0122385194 |             f
   105 |    18795 |    104 |  0.000000E+00 |  0.000000E+00 |  0.0085901176 |             f
   106 |    18974 |    106 |  0.000000E+00 |  0.000000E+00 |  0.0101281302 |             f
   107 |    19153 |    107 |  0.000000E+00 |  0.000000E+00 |  0.0053915151 |             f
   108 |    19332 |    107 |  0.000000E+00 |  0.000000E+00 |  0.0099397464 |         ideal
   109 |    19511 |    106 |  0.000000E+00 |  0.000000E+00 |  0.0037933295 |         nadir
   110 |    19690 |    106 |  0.000000E+00 |  0.000000E+00 |  0.0045903497 |             f
   111 |    19869 |    107 |  0.000000E+00 |  0.000000E+00 |  0.0146617786 |             f
   112 |    20048 |    108 |  0.000000E+00 |  0.000000E+00 |  0.0217732265 |         nadir
   113 |    20227 |    106 |  0.000000E+00 |  0.000000E+00 |  0.0048452853 |             f
   114 |    20406 |    102 |  0.000000E+00 |  0.000000E+00 |  0.0055054389 |         ideal
   115 |    20585 |    104 |  0.000000E+00 |  0.000000E+00 |  0.0097425649 |             f
   116 |    20764 |    103 |  0.000000E+00 |  0.000000E+00 |  0.0202122258 |         ideal
   117 |    20943 |    108 |  0.000000E+00 |  0.000000E+00 |  0.0261339112 |         ideal
   118 |    21122 |     89 |  0.000000E+00 |  0.000000E+00 |  0.1058318333 |         ideal
   119 |    21301 |     93 |  0.000000E+00 |  0.000000E+00 |  0.0222884961 |         nadir
   120 |    21480 |     93 |  0.000000E+00 |  0.000000E+00 |  0.0026740202 |         nadir
   121 |    21659 |     93 |  0.000000E+00 |  0.000000E+00 |  0.0128362140 |             f
   122 |    21838 |     90 |  0.000000E+00 |  0.000000E+00 |  0.0032011479 |         ideal
   123 |    22017 |     93 |  0.000000E+00 |  0.000000E+00 |  0.0084062874 |             f
   124 |    22196 |     96 |  0.000000E+00 |  0.000000E+00 |  0.0467554695 |         nadir
   125 |    22375 |     99 |  0.000000E+00 |  0.000000E+00 |  0.0069674262 |         ideal
   126 |    22554 |    102 |  0.000000E+00 |  0.000000E+00 |  0.0119851394 |             f
   127 |    22733 |     98 |  0.000000E+00 |  0.000000E+00 |  0.0034851017 |         nadir
   128 |    22912 |     99 |  0.000000E+00 |  0.000000E+00 |  0.0115474108 |         nadir
   129 |    23091 |    104 |  0.000000E+00 |  0.000000E+00 |  0.0062083267 |         ideal
   130 |    23270 |    104 |  0.000000E+00 |  0.000000E+00 |  0.0278955185 |         nadir
   131 |    23449 |    104 |  0.000000E+00 |  0.000000E+00 |  0.0051353094 |             f
   132 |    23628 |    105 |  0.000000E+00 |  0.000000E+00 |  0.0039609437 |             f
   133 |    23807 |    103 |  0.000000E+00 |  0.000000E+00 |  0.0033570786 |             f
   134 |    23986 |    103 |  0.000000E+00 |  0.000000E+00 |  0.0025935974 |             f
   135 |    24165 |    104 |  0.000000E+00 |  0.000000E+00 |  0.0040161498 |             f
   136 |    24344 |    104 |  0.000000E+00 |  0.000000E+00 |  0.0026422859 |         ideal
   137 |    24523 |    104 |  0.000000E+00 |  0.000000E+00 |  0.0044431004 |             f
   138 |    24702 |    104 |  0.000000E+00 |  0.000000E+00 |  0.0025897438 |             f
   139 |    24881 |    104 |  0.000000E+00 |  0.000000E+00 |  0.0027796635 |             f
   140 |    25060 |    105 |  0.000000E+00 |  0.000000E+00 |  0.0271457243 |         nadir
   141 |    25239 |    106 |  0.000000E+00 |  0.000000E+00 |  0.0021759507 |             f
   142 |    25418 |    106 |  0.000000E+00 |  0.000000E+00 |  0.0039544975 |             f
   143 |    25597 |    106 |  0.000000E+00 |  0.000000E+00 |  0.0036957557 |         nadir
   144 |    25776 |    106 |  0.000000E+00 |  0.000000E+00 |  0.0029837057 |             f
   145 |    25955 |    106 |  0.000000E+00 |  0.000000E+00 |  0.0024571667 |             f
   146 |    26134 |    106 |  0.000000E+00 |  0.000000E+00 |  0.0042301541 |             f
   147 |    26313 |    106 |  0.000000E+00 |  0.000000E+00 |  0.0035629985 |             f
   148 |    26492 |    106 |  0.000000E+00 |  0.000000E+00 |  0.0033032474 |             f
   149 |    26671 |    105 |  0.000000E+00 |  0.000000E+00 |  0.0023546858 |             f
   150 |    26850 |    105 |  0.000000E+00 |  0.000000E+00 |  0.0033759494 |             f
   151 |    27029 |    105 |  0.000000E+00 |  0.000000E+00 |  0.0009857208 |             f
   152 |    27208 |    105 |  0.000000E+00 |  0.000000E+00 |  0.0035042273 |             f
   153 |    27387 |    105 |  0.000000E+00 |  0.000000E+00 |  0.0025542853 |             f
   154 |    27566 |    105 |  0.000000E+00 |  0.000000E+00 |  0.0013379326 |             f
   155 |    27745 |    106 |  0.000000E+00 |  0.000000E+00 |  0.0094224328 |         nadir
   156 |    27924 |    105 |  0.000000E+00 |  0.000000E+00 |  0.0021393840 |             f
   157 |    28103 |    106 |  0.000000E+00 |  0.000000E+00 |  0.0036676712 |             f
   158 |    28282 |    106 |  0.000000E+00 |  0.000000E+00 |  0.0058516393 |         nadir
   159 |    28461 |    106 |  0.000000E+00 |  0.000000E+00 |  0.0017736339 |             f
   160 |    28640 |    106 |  0.000000E+00 |  0.000000E+00 |  0.0026023226 |             f
   161 |    28819 |    106 |  0.000000E+00 |  0.000000E+00 |  0.0007543444 |             f
   162 |    28998 |    106 |  0.000000E+00 |  0.000000E+00 |  0.0019769926 |             f
   163 |    29177 |    106 |  0.000000E+00 |  0.000000E+00 |  0.0020800357 |             f
   164 |    29356 |    106 |  0.000000E+00 |  0.000000E+00 |  0.0027821015 |             f
   165 |    29535 |    106 |  0.000000E+00 |  0.000000E+00 |  0.0008119125 |             f
   166 |    29714 |    105 |  0.000000E+00 |  0.000000E+00 |  0.0015207930 |             f
   167 |    29893 |    106 |  0.000000E+00 |  0.000000E+00 |  0.0027990887 |             f
   168 |    30072 |    106 |  0.000000E+00 |  0.000000E+00 |  0.0007212444 |             f
   169 |    30251 |    106 |  0.000000E+00 |  0.000000E+00 |  0.0016669703 |             f
   170 |    30430 |    106 |  0.000000E+00 |  0.000000E+00 |  0.0022018960 |             f
   171 |    30609 |    106 |  0.000000E+00 |  0.000000E+00 |  0.0055190149 |         ideal
   172 |    30788 |    106 |  0.000000E+00 |  0.000000E+00 |  0.0004265416 |             f
   173 |    30967 |    106 |  0.000000E+00 |  0.000000E+00 |  0.0008520130 |             f
   174 |    31146 |    106 |  0.000000E+00 |  0.000000E+00 |  0.0016913955 |             f
   175 |    31325 |    106 |  0.000000E+00 |  0.000000E+00 |  0.0023049030 |             f
   176 |    31504 |    106 |  0.000000E+00 |  0.000000E+00 |  0.0036071489 |             f
   177 |    31683 |    106 |  0.000000E+00 |  0.000000E+00 |  0.0056625869 |         nadir
   178 |    31862 |    106 |  0.000000E+00 |  0.000000E+00 |  0.0006149495 |             f
   179 |    32041 |    106 |  0.000000E+00 |  0.000000E+00 |  0.0010667475 |             f
   180 |    32220 |    106 |  0.000000E+00 |  0.000000E+00 |  0.0016474467 |             f
   181 |    32399 |    106 |  0.000000E+00 |  0.000000E+00 |  0.0018043109 |             f
   182 |    32578 |    106 |  0.000000E+00 |  0.000000E+00 |  0.0020097227 |             f
   183 |    32757 |    106 |  0.000000E+00 |  0.000000E+00 |  0.0021727739 |             f
   184 |    32936 |    106 |  0.000000E+00 |  0.000000E+00 |  0.0026048099 |             f
   185 |    33115 |    106 |  0.000000E+00 |  0.000000E+00 |  0.0014558240 |             f
   186 |    33294 |    106 |  0.000000E+00 |  0.000000E+00 |  0.0016343242 |             f
   187 |    33473 |    106 |  0.000000E+00 |  0.000000E+00 |  0.0027083284 |             f
   188 |    33652 |    106 |  0.000000E+00 |  0.000000E+00 |  0.0005897231 |             f
   189 |    33831 |    106 |  0.000000E+00 |  0.000000E+00 |  0.0014692402 |             f
   190 |    34010 |    106 |  0.000000E+00 |  0.000000E+00 |  0.0021040269 |             f
   191 |    34189 |    106 |  0.000000E+00 |  0.000000E+00 |  0.0024193590 |             f
   192 |    34368 |    106 |  0.000000E+00 |  0.000000E+00 |  0.0030048281 |             f
   193 |    34547 |    106 |  0.000000E+00 |  0.000000E+00 |  0.0030097912 |             f
   194 |    34726 |    106 |  0.000000E+00 |  0.000000E+00 |  0.0003258575 |             f
   195 |    34905 |    106 |  0.000000E+00 |  0.000000E+00 |  0.0015045675 |             f
   196 |    35084 |    106 |  0.000000E+00 |  0.000000E+00 |  0.0023816573 |             f
   197 |    35263 |    106 |  0.000000E+00 |  0.000000E+00 |  0.0031670012 |             f
   198 |    35442 |    106 |  0.000000E+00 |  0.000000E+00 |  0.0009756709 |             f
   199 |    35621 |    106 |  0.000000E+00 |  0.000000E+00 |  0.0014616373 |             f
   200 |    35800 |    106 |  0.000000E+00 |  0.000000E+00 |  0.0022432883 |             f
Begin print with Final Cash: 1070023.1410498153418 => return: 0.0700231410498
Month 1:
  Buy: Stock ABT, Amount: 2
  Buy: Stock ACB, Amount: 114
  Buy: Stock ACL, Amount: 490
  Buy: Stock AGF, Amount: 138
  Buy: Stock ALT, Amount: 1
  Buy: Stock ASP, Amount: 5
  Buy: Stock BBC, Amount: 1
  Buy: Stock BBS, Amount: 1
  Buy: Stock BCC, Amount: 5
  Buy: Stock CAP, Amount: 12
  Buy: Stock CTB, Amount: 61
  Buy: Stock DRC, Amount: 1
  Buy: Stock HAG, Amount: 1
  Buy: Stock HAP, Amount: 1
  Buy: Stock HRC, Amount: 3
  Buy: Stock LBM, Amount: 1
  Bank Deposit: 988081.56
Month 2:
  Buy: Stock ASP, Amount: 29
  Buy: Stock BBS, Amount: 7
  Buy: Stock CAP, Amount: 281
  Buy: Stock CMC, Amount: 12
  Buy: Stock FMC, Amount: 4307
  Buy: Stock HAS, Amount: 11
  Buy: Stock HCC, Amount: 1
  Buy: Stock HJS, Amount: 9903
  Buy: Stock HMC, Amount: 2
  Buy: Stock LTC, Amount: 54
  Sell: Stock ACL, Amount: 490.0
  Sell: Stock AGF, Amount: 138.0
  Sell: Stock BBC, Amount: 1.0
  Sell: Stock CTB, Amount: 61.0
  Sell: Stock HAG, Amount: 1.0
  Sell: Stock HAP, Amount: 1.0
  Sell: Stock HAS, Amount: 8.0
  Sell: Stock HJS, Amount: 4750.0
  Bank Deposit: 460386.54
Month 3:
  Sell: Stock BBS, Amount: 8.0
  Sell: Stock BCC, Amount: 5.0
  Sell: Stock CAP, Amount: 293.0
  Sell: Stock CMC, Amount: 12.0
  Sell: Stock DRC, Amount: 1.0
  Sell: Stock FMC, Amount: 4307.0
  Sell: Stock HCC, Amount: 1.0
  Sell: Stock HMC, Amount: 2.0
  Sell: Stock HRC, Amount: 3.0
  Sell: Stock LTC, Amount: 54.0
  Sell: Stock ABT, Amount: 2.0
  Sell: Stock ACB, Amount: 114.0
  Sell: Stock ALT, Amount: 1.0
  Sell: Stock ASP, Amount: 34.0
  Sell: Stock HAS, Amount: 3.0
  Sell: Stock HJS, Amount: 5153.0
  Sell: Stock LBM, Amount: 1.0
  Bank Deposit: 636788.87


Final Cash: 1070023.1410498153418 => return: 0.0700231410498
