Objectives = ['-0.0931622480200', '0.0018704388576', '0.0458374758415']
The time of execution of above program is : 42744.13180351257 ms
==========================================================================================
n_gen  |  n_eval  | n_nds  |     cv_min    |     cv_avg    |      eps      |   indicator  
==========================================================================================
     1 |      179 |      7 |  0.000000E+00 |  0.000000E+00 |             - |             -
     2 |      358 |      9 |  0.000000E+00 |  0.000000E+00 |  0.4539637902 |         ideal
     3 |      537 |     11 |  0.000000E+00 |  0.000000E+00 |  0.0800523401 |         ideal
     4 |      716 |     14 |  0.000000E+00 |  0.000000E+00 |  0.5281064024 |         nadir
     5 |      895 |     14 |  0.000000E+00 |  0.000000E+00 |  0.2778842603 |         ideal
     6 |     1074 |      9 |  0.000000E+00 |  0.000000E+00 |  0.0903646443 |         ideal
     7 |     1253 |     10 |  0.000000E+00 |  0.000000E+00 |  0.1100984198 |         ideal
     8 |     1432 |     15 |  0.000000E+00 |  0.000000E+00 |  0.1627309975 |         ideal
     9 |     1611 |     16 |  0.000000E+00 |  0.000000E+00 |  0.1748080718 |         ideal
    10 |     1790 |     15 |  0.000000E+00 |  0.000000E+00 |  0.2995354021 |         ideal
    11 |     1969 |     14 |  0.000000E+00 |  0.000000E+00 |  0.2975870770 |         nadir
    12 |     2148 |     12 |  0.000000E+00 |  0.000000E+00 |  0.3048843709 |         nadir
    13 |     2327 |     21 |  0.000000E+00 |  0.000000E+00 |  0.0037092522 |         ideal
    14 |     2506 |     21 |  0.000000E+00 |  0.000000E+00 |  0.1134977822 |         ideal
    15 |     2685 |     31 |  0.000000E+00 |  0.000000E+00 |  0.0077252229 |         ideal
    16 |     2864 |     30 |  0.000000E+00 |  0.000000E+00 |  0.0694261010 |         ideal
    17 |     3043 |     34 |  0.000000E+00 |  0.000000E+00 |  0.0077585901 |         ideal
    18 |     3222 |     36 |  0.000000E+00 |  0.000000E+00 |  0.0878095453 |         ideal
    19 |     3401 |     47 |  0.000000E+00 |  0.000000E+00 |  0.0873581085 |         nadir
    20 |     3580 |     57 |  0.000000E+00 |  0.000000E+00 |  0.0430754969 |             f
    21 |     3759 |     65 |  0.000000E+00 |  0.000000E+00 |  0.0102749922 |         ideal
    22 |     3938 |     63 |  0.000000E+00 |  0.000000E+00 |  0.0881469847 |         ideal
    23 |     4117 |     62 |  0.000000E+00 |  0.000000E+00 |  0.0057261658 |         ideal
    24 |     4296 |     64 |  0.000000E+00 |  0.000000E+00 |  0.0181125881 |         ideal
    25 |     4475 |     66 |  0.000000E+00 |  0.000000E+00 |  0.0456793643 |         ideal
    26 |     4654 |     67 |  0.000000E+00 |  0.000000E+00 |  0.0034824040 |         ideal
    27 |     4833 |     68 |  0.000000E+00 |  0.000000E+00 |  0.0033619558 |         ideal
    28 |     5012 |     72 |  0.000000E+00 |  0.000000E+00 |  0.0052231164 |         nadir
    29 |     5191 |     72 |  0.000000E+00 |  0.000000E+00 |  0.0890366189 |         nadir
    30 |     5370 |     63 |  0.000000E+00 |  0.000000E+00 |  0.0050219598 |         ideal
    31 |     5549 |     60 |  0.000000E+00 |  0.000000E+00 |  0.1219472896 |         ideal
    32 |     5728 |     73 |  0.000000E+00 |  0.000000E+00 |  0.0027975207 |         ideal
    33 |     5907 |     70 |  0.000000E+00 |  0.000000E+00 |  0.0042050115 |         ideal
    34 |     6086 |     73 |  0.000000E+00 |  0.000000E+00 |  0.1160693089 |         nadir
    35 |     6265 |     78 |  0.000000E+00 |  0.000000E+00 |  0.0125503268 |         nadir
    36 |     6444 |     83 |  0.000000E+00 |  0.000000E+00 |  0.3502965346 |         nadir
    37 |     6623 |     89 |  0.000000E+00 |  0.000000E+00 |  0.1824236363 |         nadir
    38 |     6802 |     92 |  0.000000E+00 |  0.000000E+00 |  0.0279700170 |             f
    39 |     6981 |     95 |  0.000000E+00 |  0.000000E+00 |  0.2292809223 |         nadir
    40 |     7160 |     99 |  0.000000E+00 |  0.000000E+00 |  0.0913903774 |         ideal
    41 |     7339 |    101 |  0.000000E+00 |  0.000000E+00 |  0.0173735925 |         nadir
    42 |     7518 |     96 |  0.000000E+00 |  0.000000E+00 |  0.0062979208 |         ideal
    43 |     7697 |    104 |  0.000000E+00 |  0.000000E+00 |  0.0027487296 |         ideal
    44 |     7876 |     99 |  0.000000E+00 |  0.000000E+00 |  0.0093628181 |         ideal
    45 |     8055 |    110 |  0.000000E+00 |  0.000000E+00 |  0.0169453682 |             f
    46 |     8234 |    111 |  0.000000E+00 |  0.000000E+00 |  0.0095039296 |             f
    47 |     8413 |    111 |  0.000000E+00 |  0.000000E+00 |  0.0084939150 |             f
    48 |     8592 |    114 |  0.000000E+00 |  0.000000E+00 |  0.0038176261 |         ideal
    49 |     8771 |    112 |  0.000000E+00 |  0.000000E+00 |  0.0130947854 |         ideal
    50 |     8950 |    114 |  0.000000E+00 |  0.000000E+00 |  0.0035815107 |         nadir
    51 |     9129 |    115 |  0.000000E+00 |  0.000000E+00 |  0.0091588082 |             f
    52 |     9308 |    116 |  0.000000E+00 |  0.000000E+00 |  0.0472215663 |         nadir
    53 |     9487 |    118 |  0.000000E+00 |  0.000000E+00 |  0.1844373025 |         nadir
    54 |     9666 |    116 |  0.000000E+00 |  0.000000E+00 |  0.0061698970 |         ideal
    55 |     9845 |    117 |  0.000000E+00 |  0.000000E+00 |  0.0046283766 |         nadir
    56 |    10024 |    114 |  0.000000E+00 |  0.000000E+00 |  0.0071374101 |         ideal
    57 |    10203 |    114 |  0.000000E+00 |  0.000000E+00 |  0.0228645908 |         nadir
    58 |    10382 |    116 |  0.000000E+00 |  0.000000E+00 |  0.0029763503 |         ideal
    59 |    10561 |     94 |  0.000000E+00 |  0.000000E+00 |  0.1361025820 |         ideal
    60 |    10740 |     95 |  0.000000E+00 |  0.000000E+00 |  0.0082481938 |         ideal
    61 |    10919 |     96 |  0.000000E+00 |  0.000000E+00 |  0.0291607145 |         nadir
    62 |    11098 |     96 |  0.000000E+00 |  0.000000E+00 |  0.0040948534 |         ideal
    63 |    11277 |     95 |  0.000000E+00 |  0.000000E+00 |  0.0259848767 |         ideal
    64 |    11456 |     99 |  0.000000E+00 |  0.000000E+00 |  0.0115476177 |             f
    65 |    11635 |    100 |  0.000000E+00 |  0.000000E+00 |  0.0041124721 |             f
    66 |    11814 |    107 |  0.000000E+00 |  0.000000E+00 |  0.0087997218 |             f
    67 |    11993 |    108 |  0.000000E+00 |  0.000000E+00 |  0.0059644564 |             f
    68 |    12172 |    112 |  0.000000E+00 |  0.000000E+00 |  0.0072213502 |             f
    69 |    12351 |    116 |  0.000000E+00 |  0.000000E+00 |  0.0054627505 |             f
    70 |    12530 |    116 |  0.000000E+00 |  0.000000E+00 |  0.0101147549 |         ideal
    71 |    12709 |    121 |  0.000000E+00 |  0.000000E+00 |  0.0089441174 |             f
    72 |    12888 |    121 |  0.000000E+00 |  0.000000E+00 |  0.0041562339 |             f
    73 |    13067 |    123 |  0.000000E+00 |  0.000000E+00 |  0.0059523297 |             f
    74 |    13246 |    122 |  0.000000E+00 |  0.000000E+00 |  0.0150793769 |         ideal
    75 |    13425 |    121 |  0.000000E+00 |  0.000000E+00 |  0.0202978430 |         nadir
    76 |    13604 |    122 |  0.000000E+00 |  0.000000E+00 |  0.0091443074 |         nadir
    77 |    13783 |    104 |  0.000000E+00 |  0.000000E+00 |  0.0100627854 |         ideal
    78 |    13962 |    108 |  0.000000E+00 |  0.000000E+00 |  0.0079454006 |         ideal
    79 |    14141 |    108 |  0.000000E+00 |  0.000000E+00 |  0.0080668469 |             f
    80 |    14320 |    109 |  0.000000E+00 |  0.000000E+00 |  0.0070675077 |             f
    81 |    14499 |    108 |  0.000000E+00 |  0.000000E+00 |  0.0040830786 |             f
    82 |    14678 |    108 |  0.000000E+00 |  0.000000E+00 |  0.0048126674 |             f
    83 |    14857 |    110 |  0.000000E+00 |  0.000000E+00 |  0.0056905043 |             f
    84 |    15036 |    111 |  0.000000E+00 |  0.000000E+00 |  0.0029450553 |             f
    85 |    15215 |    113 |  0.000000E+00 |  0.000000E+00 |  0.0207117086 |         nadir
    86 |    15394 |    119 |  0.000000E+00 |  0.000000E+00 |  0.0109428361 |             f
    87 |    15573 |    125 |  0.000000E+00 |  0.000000E+00 |  0.0077176832 |             f
    88 |    15752 |    116 |  0.000000E+00 |  0.000000E+00 |  0.0127501265 |             f
    89 |    15931 |    120 |  0.000000E+00 |  0.000000E+00 |  0.0063460020 |             f
    90 |    16110 |    121 |  0.000000E+00 |  0.000000E+00 |  0.0049297311 |             f
    91 |    16289 |    122 |  0.000000E+00 |  0.000000E+00 |  0.0177355362 |         nadir
    92 |    16468 |    124 |  0.000000E+00 |  0.000000E+00 |  0.0030551839 |         ideal
    93 |    16647 |    128 |  0.000000E+00 |  0.000000E+00 |  0.0080935459 |             f
    94 |    16826 |    130 |  0.000000E+00 |  0.000000E+00 |  0.0066543911 |             f
    95 |    17005 |    129 |  0.000000E+00 |  0.000000E+00 |  0.0048966508 |             f
    96 |    17184 |    130 |  0.000000E+00 |  0.000000E+00 |  0.0045246334 |             f
    97 |    17363 |    128 |  0.000000E+00 |  0.000000E+00 |  0.0156801691 |             f
    98 |    17542 |    128 |  0.000000E+00 |  0.000000E+00 |  0.0130084907 |             f
    99 |    17721 |    131 |  0.000000E+00 |  0.000000E+00 |  0.0030345135 |             f
   100 |    17900 |    132 |  0.000000E+00 |  0.000000E+00 |  0.0058097481 |             f
   101 |    18079 |    137 |  0.000000E+00 |  0.000000E+00 |  0.0052812809 |             f
   102 |    18258 |    140 |  0.000000E+00 |  0.000000E+00 |  0.0073093707 |             f
   103 |    18437 |    146 |  0.000000E+00 |  0.000000E+00 |  0.0056801626 |             f
   104 |    18616 |    147 |  0.000000E+00 |  0.000000E+00 |  0.0023482415 |             f
   105 |    18795 |    148 |  0.000000E+00 |  0.000000E+00 |  0.0060382070 |             f
   106 |    18974 |    150 |  0.000000E+00 |  0.000000E+00 |  0.0020584044 |             f
   107 |    19153 |    151 |  0.000000E+00 |  0.000000E+00 |  0.0042608186 |             f
   108 |    19332 |    151 |  0.000000E+00 |  0.000000E+00 |  0.0017727515 |             f
   109 |    19511 |    151 |  0.000000E+00 |  0.000000E+00 |  0.0040885431 |             f
   110 |    19690 |    148 |  0.000000E+00 |  0.000000E+00 |  0.0023975994 |             f
   111 |    19869 |    149 |  0.000000E+00 |  0.000000E+00 |  0.0038509917 |             f
   112 |    20048 |    149 |  0.000000E+00 |  0.000000E+00 |  0.0023413513 |             f
   113 |    20227 |    151 |  0.000000E+00 |  0.000000E+00 |  0.0206622996 |         nadir
   114 |    20406 |    151 |  0.000000E+00 |  0.000000E+00 |  0.0008578098 |             f
   115 |    20585 |    152 |  0.000000E+00 |  0.000000E+00 |  0.0022858823 |             f
   116 |    20764 |    153 |  0.000000E+00 |  0.000000E+00 |  0.0044511027 |             f
   117 |    20943 |    153 |  0.000000E+00 |  0.000000E+00 |  0.0011271269 |             f
   118 |    21122 |    153 |  0.000000E+00 |  0.000000E+00 |  0.0015590437 |             f
   119 |    21301 |    154 |  0.000000E+00 |  0.000000E+00 |  0.0034087694 |         nadir
   120 |    21480 |    155 |  0.000000E+00 |  0.000000E+00 |  0.0022813850 |             f
   121 |    21659 |    154 |  0.000000E+00 |  0.000000E+00 |  0.0032203895 |             f
   122 |    21838 |    155 |  0.000000E+00 |  0.000000E+00 |  0.0014646744 |             f
   123 |    22017 |    154 |  0.000000E+00 |  0.000000E+00 |  0.0023615041 |             f
   124 |    22196 |    156 |  0.000000E+00 |  0.000000E+00 |  0.0039565996 |             f
   125 |    22375 |    156 |  0.000000E+00 |  0.000000E+00 |  0.0002693939 |             f
   126 |    22554 |    157 |  0.000000E+00 |  0.000000E+00 |  0.0042474296 |         nadir
   127 |    22733 |    157 |  0.000000E+00 |  0.000000E+00 |  0.0007906626 |             f
   128 |    22912 |    157 |  0.000000E+00 |  0.000000E+00 |  0.0018063325 |             f
   129 |    23091 |    158 |  0.000000E+00 |  0.000000E+00 |  0.0036918123 |             f
   130 |    23270 |    158 |  0.000000E+00 |  0.000000E+00 |  0.0013306980 |             f
   131 |    23449 |    157 |  0.000000E+00 |  0.000000E+00 |  0.0026549861 |             f
   132 |    23628 |    155 |  0.000000E+00 |  0.000000E+00 |  0.0011639791 |             f
   133 |    23807 |    156 |  0.000000E+00 |  0.000000E+00 |  0.0020502527 |             f
   134 |    23986 |    156 |  0.000000E+00 |  0.000000E+00 |  0.0024824802 |             f
   135 |    24165 |    157 |  0.000000E+00 |  0.000000E+00 |  0.0038066158 |             f
   136 |    24344 |    157 |  0.000000E+00 |  0.000000E+00 |  0.0014205493 |             f
   137 |    24523 |    157 |  0.000000E+00 |  0.000000E+00 |  0.0028306109 |             f
   138 |    24702 |    157 |  0.000000E+00 |  0.000000E+00 |  0.0017180839 |             f
   139 |    24881 |    157 |  0.000000E+00 |  0.000000E+00 |  0.0033395861 |             f
   140 |    25060 |    157 |  0.000000E+00 |  0.000000E+00 |  0.0011424297 |             f
   141 |    25239 |    158 |  0.000000E+00 |  0.000000E+00 |  0.0027489178 |             f
   142 |    25418 |    159 |  0.000000E+00 |  0.000000E+00 |  0.0008923583 |             f
   143 |    25597 |    158 |  0.000000E+00 |  0.000000E+00 |  0.0017433437 |             f
   144 |    25776 |    158 |  0.000000E+00 |  0.000000E+00 |  0.0024843145 |             f
   145 |    25955 |    159 |  0.000000E+00 |  0.000000E+00 |  0.0028066914 |             f
   146 |    26134 |    159 |  0.000000E+00 |  0.000000E+00 |  0.0003622416 |             f
   147 |    26313 |    159 |  0.000000E+00 |  0.000000E+00 |  0.0034771853 |         ideal
   148 |    26492 |    160 |  0.000000E+00 |  0.000000E+00 |  0.0005867679 |             f
   149 |    26671 |    160 |  0.000000E+00 |  0.000000E+00 |  0.0014982416 |             f
   150 |    26850 |    160 |  0.000000E+00 |  0.000000E+00 |  0.0023091425 |             f
   151 |    27029 |    160 |  0.000000E+00 |  0.000000E+00 |  0.0026267496 |             f
   152 |    27208 |    160 |  0.000000E+00 |  0.000000E+00 |  0.0006979195 |             f
   153 |    27387 |    161 |  0.000000E+00 |  0.000000E+00 |  0.0017617488 |             f
   154 |    27566 |    161 |  0.000000E+00 |  0.000000E+00 |  0.0022680409 |             f
   155 |    27745 |    161 |  0.000000E+00 |  0.000000E+00 |  0.0034905602 |             f
   156 |    27924 |    161 |  0.000000E+00 |  0.000000E+00 |  0.0010539761 |             f
   157 |    28103 |    160 |  0.000000E+00 |  0.000000E+00 |  0.0017893186 |             f
   158 |    28282 |    161 |  0.000000E+00 |  0.000000E+00 |  0.0021781570 |             f
   159 |    28461 |    161 |  0.000000E+00 |  0.000000E+00 |  0.0027945634 |             f
   160 |    28640 |    161 |  0.000000E+00 |  0.000000E+00 |  0.0002848597 |             f
   161 |    28819 |    161 |  0.000000E+00 |  0.000000E+00 |  0.0010143383 |             f
   162 |    28998 |    161 |  0.000000E+00 |  0.000000E+00 |  0.0021113452 |             f
   163 |    29177 |    160 |  0.000000E+00 |  0.000000E+00 |  0.0029326492 |             f
   164 |    29356 |    160 |  0.000000E+00 |  0.000000E+00 |  0.0010601356 |             f
   165 |    29535 |    160 |  0.000000E+00 |  0.000000E+00 |  0.0112223432 |         nadir
   166 |    29714 |    160 |  0.000000E+00 |  0.000000E+00 |  0.0010706922 |             f
   167 |    29893 |    161 |  0.000000E+00 |  0.000000E+00 |  0.0025188550 |             f
   168 |    30072 |    162 |  0.000000E+00 |  0.000000E+00 |  0.0007514297 |             f
   169 |    30251 |    162 |  0.000000E+00 |  0.000000E+00 |  0.0011089653 |             f
   170 |    30430 |    162 |  0.000000E+00 |  0.000000E+00 |  0.0020721187 |             f
   171 |    30609 |    162 |  0.000000E+00 |  0.000000E+00 |  0.0026944866 |             f
   172 |    30788 |    162 |  0.000000E+00 |  0.000000E+00 |  0.0004297729 |             f
   173 |    30967 |    162 |  0.000000E+00 |  0.000000E+00 |  0.0011437750 |             f
   174 |    31146 |    162 |  0.000000E+00 |  0.000000E+00 |  0.0045255222 |             f
   175 |    31325 |    162 |  0.000000E+00 |  0.000000E+00 |  0.0009677583 |             f
   176 |    31504 |    162 |  0.000000E+00 |  0.000000E+00 |  0.0013128406 |             f
   177 |    31683 |    162 |  0.000000E+00 |  0.000000E+00 |  0.0036324234 |             f
   178 |    31862 |    162 |  0.000000E+00 |  0.000000E+00 |  0.0010903752 |             f
   179 |    32041 |    161 |  0.000000E+00 |  0.000000E+00 |  0.0017056048 |             f
   180 |    32220 |    161 |  0.000000E+00 |  0.000000E+00 |  0.0031124647 |             f
   181 |    32399 |    162 |  0.000000E+00 |  0.000000E+00 |  0.0018248121 |             f
   182 |    32578 |    162 |  0.000000E+00 |  0.000000E+00 |  0.0025694199 |             f
   183 |    32757 |    162 |  0.000000E+00 |  0.000000E+00 |  0.0011833240 |             f
   184 |    32936 |    162 |  0.000000E+00 |  0.000000E+00 |  0.0018782087 |             f
   185 |    33115 |    162 |  0.000000E+00 |  0.000000E+00 |  0.0027040274 |             f
   186 |    33294 |    162 |  0.000000E+00 |  0.000000E+00 |  0.0004033197 |             f
   187 |    33473 |    162 |  0.000000E+00 |  0.000000E+00 |  0.0008795075 |             f
   188 |    33652 |    162 |  0.000000E+00 |  0.000000E+00 |  0.0047153956 |         nadir
   189 |    33831 |    162 |  0.000000E+00 |  0.000000E+00 |  0.0011973309 |             f
   190 |    34010 |    163 |  0.000000E+00 |  0.000000E+00 |  0.0028481748 |             f
   191 |    34189 |    162 |  0.000000E+00 |  0.000000E+00 |  0.0010594958 |             f
   192 |    34368 |    163 |  0.000000E+00 |  0.000000E+00 |  0.0018574904 |             f
   193 |    34547 |    149 |  0.000000E+00 |  0.000000E+00 |  0.0117501809 |             f
   194 |    34726 |    156 |  0.000000E+00 |  0.000000E+00 |  0.0085366987 |             f
   195 |    34905 |    158 |  0.000000E+00 |  0.000000E+00 |  0.0052289405 |             f
   196 |    35084 |    161 |  0.000000E+00 |  0.000000E+00 |  0.0058950958 |             f
   197 |    35263 |    161 |  0.000000E+00 |  0.000000E+00 |  0.0050513288 |             f
   198 |    35442 |    161 |  0.000000E+00 |  0.000000E+00 |  0.0050484659 |             f
   199 |    35621 |    162 |  0.000000E+00 |  0.000000E+00 |  0.0061548099 |         nadir
   200 |    35800 |    160 |  0.000000E+00 |  0.000000E+00 |  0.0033719515 |             f
Begin print with Final Cash: 109316.2248019966792 => return: 0.0931622480200
Month 1:
  Buy: Stock ABT, Amount: 3
  Buy: Stock ACB, Amount: 2
  Buy: Stock ACL, Amount: 10
  Buy: Stock AGF, Amount: 3
  Buy: Stock ASP, Amount: 16
  Buy: Stock B82, Amount: 2
  Buy: Stock BBC, Amount: 1
  Buy: Stock CAP, Amount: 7
  Buy: Stock CTB, Amount: 8
  Buy: Stock DQC, Amount: 6
  Buy: Stock GTA, Amount: 6
  Buy: Stock HAX, Amount: 1
  Buy: Stock HSI, Amount: 1
  Buy: Stock L10, Amount: 1
  Bank Deposit: 98669.26
Month 2:
  Buy: Stock CAP, Amount: 1
  Buy: Stock HJS, Amount: 1019
  Sell: Stock B82, Amount: 2.0
  Sell: Stock BBC, Amount: 1.0
  Sell: Stock CTB, Amount: 8.0
  Sell: Stock DQC, Amount: 6.0
  Sell: Stock HJS, Amount: 252.0
  Bank Deposit: 63318.36
Month 3:
  Sell: Stock CAP, Amount: 8.0
  Sell: Stock GTA, Amount: 6.0
  Sell: Stock HAX, Amount: 1.0
  Sell: Stock L10, Amount: 1.0
  Sell: Stock ABT, Amount: 3.0
  Sell: Stock ACB, Amount: 2.0
  Sell: Stock ACL, Amount: 10.0
  Sell: Stock AGF, Amount: 3.0
  Sell: Stock ASP, Amount: 16.0
  Sell: Stock HJS, Amount: 767.0
  Sell: Stock HSI, Amount: 1.0
  Bank Deposit: 72799.67


Final Cash: 109316.2248019966792 => return: 0.0931622480200
