Objectives = ['-0.0573732746656', '0.0030503455170', '0.0259533955667']
The time of execution of above program is : 44422.823905944824 ms
==========================================================================================
n_gen  |  n_eval  | n_nds  |     cv_min    |     cv_avg    |      eps      |   indicator  
==========================================================================================
     1 |      179 |      5 |  0.000000E+00 |  0.000000E+00 |             - |             -
     2 |      358 |     12 |  0.000000E+00 |  0.000000E+00 |  0.4351442560 |         ideal
     3 |      537 |     12 |  0.000000E+00 |  0.000000E+00 |  0.5182294925 |         ideal
     4 |      716 |     12 |  0.000000E+00 |  0.000000E+00 |  0.2402237578 |         ideal
     5 |      895 |     16 |  0.000000E+00 |  0.000000E+00 |  0.1413764839 |         ideal
     6 |     1074 |     22 |  0.000000E+00 |  0.000000E+00 |  0.0334449725 |         ideal
     7 |     1253 |     21 |  0.000000E+00 |  0.000000E+00 |  0.0064745162 |         nadir
     8 |     1432 |     26 |  0.000000E+00 |  0.000000E+00 |  0.2051761418 |         ideal
     9 |     1611 |     13 |  0.000000E+00 |  0.000000E+00 |  0.0042590169 |         ideal
    10 |     1790 |     24 |  0.000000E+00 |  0.000000E+00 |  0.0092245032 |         ideal
    11 |     1969 |     36 |  0.000000E+00 |  0.000000E+00 |  0.0728691082 |         ideal
    12 |     2148 |     29 |  0.000000E+00 |  0.000000E+00 |  0.0681468892 |         ideal
    13 |     2327 |     35 |  0.000000E+00 |  0.000000E+00 |  0.0028788547 |         ideal
    14 |     2506 |     30 |  0.000000E+00 |  0.000000E+00 |  0.0746606348 |         ideal
    15 |     2685 |     31 |  0.000000E+00 |  0.000000E+00 |  0.0082416903 |         nadir
    16 |     2864 |     36 |  0.000000E+00 |  0.000000E+00 |  0.0574300992 |         ideal
    17 |     3043 |     22 |  0.000000E+00 |  0.000000E+00 |  0.1293418137 |         ideal
    18 |     3222 |     23 |  0.000000E+00 |  0.000000E+00 |  0.0395351512 |             f
    19 |     3401 |     19 |  0.000000E+00 |  0.000000E+00 |  0.1170363635 |         ideal
    20 |     3580 |     20 |  0.000000E+00 |  0.000000E+00 |  0.0218885961 |         ideal
    21 |     3759 |     29 |  0.000000E+00 |  0.000000E+00 |  0.0133266668 |         ideal
    22 |     3938 |     44 |  0.000000E+00 |  0.000000E+00 |  0.0781474703 |         nadir
    23 |     4117 |     51 |  0.000000E+00 |  0.000000E+00 |  0.0211491581 |         ideal
    24 |     4296 |     61 |  0.000000E+00 |  0.000000E+00 |  0.0391756964 |             f
    25 |     4475 |     68 |  0.000000E+00 |  0.000000E+00 |  0.0287199264 |             f
    26 |     4654 |     78 |  0.000000E+00 |  0.000000E+00 |  0.1098257610 |         nadir
    27 |     4833 |     83 |  0.000000E+00 |  0.000000E+00 |  0.0170248241 |             f
    28 |     5012 |     81 |  0.000000E+00 |  0.000000E+00 |  0.0542525307 |         ideal
    29 |     5191 |     87 |  0.000000E+00 |  0.000000E+00 |  0.0206561354 |         nadir
    30 |     5370 |     93 |  0.000000E+00 |  0.000000E+00 |  0.0121907256 |             f
    31 |     5549 |    101 |  0.000000E+00 |  0.000000E+00 |  0.0171876497 |             f
    32 |     5728 |    100 |  0.000000E+00 |  0.000000E+00 |  0.0160111569 |             f
    33 |     5907 |    104 |  0.000000E+00 |  0.000000E+00 |  0.0106016805 |             f
    34 |     6086 |    106 |  0.000000E+00 |  0.000000E+00 |  0.0045254679 |         ideal
    35 |     6265 |    108 |  0.000000E+00 |  0.000000E+00 |  0.0101454313 |             f
    36 |     6444 |    108 |  0.000000E+00 |  0.000000E+00 |  0.0096727649 |         nadir
    37 |     6623 |    109 |  0.000000E+00 |  0.000000E+00 |  0.0121301961 |         nadir
    38 |     6802 |    112 |  0.000000E+00 |  0.000000E+00 |  0.0063039688 |             f
    39 |     6981 |    108 |  0.000000E+00 |  0.000000E+00 |  0.0063466265 |         nadir
    40 |     7160 |    110 |  0.000000E+00 |  0.000000E+00 |  0.0058663380 |             f
    41 |     7339 |    114 |  0.000000E+00 |  0.000000E+00 |  0.0055459929 |             f
    42 |     7518 |    114 |  0.000000E+00 |  0.000000E+00 |  0.0089777387 |         nadir
    43 |     7697 |    109 |  0.000000E+00 |  0.000000E+00 |  0.0088181380 |         nadir
    44 |     7876 |    107 |  0.000000E+00 |  0.000000E+00 |  0.0025950878 |         nadir
    45 |     8055 |    114 |  0.000000E+00 |  0.000000E+00 |  0.0118947604 |         nadir
    46 |     8234 |    113 |  0.000000E+00 |  0.000000E+00 |  0.0069146621 |         ideal
    47 |     8413 |    112 |  0.000000E+00 |  0.000000E+00 |  0.0139319822 |         ideal
    48 |     8592 |    110 |  0.000000E+00 |  0.000000E+00 |  0.0080288960 |             f
    49 |     8771 |    113 |  0.000000E+00 |  0.000000E+00 |  0.0081798619 |             f
    50 |     8950 |    109 |  0.000000E+00 |  0.000000E+00 |  0.0076006969 |         nadir
    51 |     9129 |    114 |  0.000000E+00 |  0.000000E+00 |  0.0038298266 |         ideal
    52 |     9308 |    107 |  0.000000E+00 |  0.000000E+00 |  0.0212263174 |         ideal
    53 |     9487 |    105 |  0.000000E+00 |  0.000000E+00 |  0.0045153673 |         ideal
    54 |     9666 |    111 |  0.000000E+00 |  0.000000E+00 |  0.0083729265 |             f
    55 |     9845 |    112 |  0.000000E+00 |  0.000000E+00 |  0.0226362547 |         ideal
    56 |    10024 |    109 |  0.000000E+00 |  0.000000E+00 |  0.0067133614 |             f
    57 |    10203 |    113 |  0.000000E+00 |  0.000000E+00 |  0.0047678852 |         ideal
    58 |    10382 |    115 |  0.000000E+00 |  0.000000E+00 |  0.0167923445 |         ideal
    59 |    10561 |    116 |  0.000000E+00 |  0.000000E+00 |  0.0067337934 |             f
    60 |    10740 |    117 |  0.000000E+00 |  0.000000E+00 |  0.0077835283 |             f
    61 |    10919 |    108 |  0.000000E+00 |  0.000000E+00 |  0.0055882146 |         ideal
    62 |    11098 |    110 |  0.000000E+00 |  0.000000E+00 |  0.0085915848 |             f
    63 |    11277 |    105 |  0.000000E+00 |  0.000000E+00 |  0.0085820688 |             f
    64 |    11456 |    109 |  0.000000E+00 |  0.000000E+00 |  0.0094639182 |             f
    65 |    11635 |    111 |  0.000000E+00 |  0.000000E+00 |  0.0102243159 |             f
    66 |    11814 |    110 |  0.000000E+00 |  0.000000E+00 |  0.0151700373 |         ideal
    67 |    11993 |    113 |  0.000000E+00 |  0.000000E+00 |  0.0054619810 |             f
    68 |    12172 |     86 |  0.000000E+00 |  0.000000E+00 |  0.0644429359 |         ideal
    69 |    12351 |     90 |  0.000000E+00 |  0.000000E+00 |  0.0124130681 |             f
    70 |    12530 |     91 |  0.000000E+00 |  0.000000E+00 |  0.1694732852 |         ideal
    71 |    12709 |     84 |  0.000000E+00 |  0.000000E+00 |  0.0583799107 |         nadir
    72 |    12888 |     77 |  0.000000E+00 |  0.000000E+00 |  0.0106511012 |         ideal
    73 |    13067 |     83 |  0.000000E+00 |  0.000000E+00 |  0.0068278271 |         ideal
    74 |    13246 |     91 |  0.000000E+00 |  0.000000E+00 |  0.0055739181 |         ideal
    75 |    13425 |     87 |  0.000000E+00 |  0.000000E+00 |  0.0307032951 |         ideal
    76 |    13604 |     88 |  0.000000E+00 |  0.000000E+00 |  0.0127654578 |             f
    77 |    13783 |     93 |  0.000000E+00 |  0.000000E+00 |  0.0359851317 |         nadir
    78 |    13962 |     95 |  0.000000E+00 |  0.000000E+00 |  0.0157598301 |         ideal
    79 |    14141 |     93 |  0.000000E+00 |  0.000000E+00 |  0.0071413660 |             f
    80 |    14320 |     96 |  0.000000E+00 |  0.000000E+00 |  0.0042540313 |         nadir
    81 |    14499 |     98 |  0.000000E+00 |  0.000000E+00 |  0.0256725546 |         nadir
    82 |    14678 |    105 |  0.000000E+00 |  0.000000E+00 |  0.0141453823 |         ideal
    83 |    14857 |    103 |  0.000000E+00 |  0.000000E+00 |  0.0029713109 |         ideal
    84 |    15036 |    107 |  0.000000E+00 |  0.000000E+00 |  0.0040485771 |         nadir
    85 |    15215 |    109 |  0.000000E+00 |  0.000000E+00 |  0.0092463526 |             f
    86 |    15394 |    103 |  0.000000E+00 |  0.000000E+00 |  0.0221279544 |         ideal
    87 |    15573 |     98 |  0.000000E+00 |  0.000000E+00 |  0.0216489084 |         ideal
    88 |    15752 |     99 |  0.000000E+00 |  0.000000E+00 |  0.0105949173 |             f
    89 |    15931 |    104 |  0.000000E+00 |  0.000000E+00 |  0.0298329062 |         ideal
    90 |    16110 |    105 |  0.000000E+00 |  0.000000E+00 |  0.0029903225 |         ideal
    91 |    16289 |     90 |  0.000000E+00 |  0.000000E+00 |  0.1219911891 |         ideal
    92 |    16468 |     88 |  0.000000E+00 |  0.000000E+00 |  0.0034289822 |         nadir
    93 |    16647 |     86 |  0.000000E+00 |  0.000000E+00 |  0.0034407806 |         nadir
    94 |    16826 |     88 |  0.000000E+00 |  0.000000E+00 |  0.0059720163 |         ideal
    95 |    17005 |     90 |  0.000000E+00 |  0.000000E+00 |  0.0151291794 |             f
    96 |    17184 |     90 |  0.000000E+00 |  0.000000E+00 |  0.0198759925 |             f
    97 |    17363 |     90 |  0.000000E+00 |  0.000000E+00 |  0.0060078955 |         ideal
    98 |    17542 |     92 |  0.000000E+00 |  0.000000E+00 |  0.0092772077 |             f
    99 |    17721 |     96 |  0.000000E+00 |  0.000000E+00 |  0.0124191501 |             f
   100 |    17900 |     97 |  0.000000E+00 |  0.000000E+00 |  0.0037812751 |         ideal
   101 |    18079 |     99 |  0.000000E+00 |  0.000000E+00 |  0.0094233095 |             f
   102 |    18258 |     95 |  0.000000E+00 |  0.000000E+00 |  0.0276144992 |         ideal
   103 |    18437 |     95 |  0.000000E+00 |  0.000000E+00 |  0.0098760263 |             f
   104 |    18616 |     98 |  0.000000E+00 |  0.000000E+00 |  0.3192847911 |         nadir
   105 |    18795 |     99 |  0.000000E+00 |  0.000000E+00 |  0.0040898564 |         ideal
   106 |    18974 |     96 |  0.000000E+00 |  0.000000E+00 |  0.4701219454 |         nadir
   107 |    19153 |     98 |  0.000000E+00 |  0.000000E+00 |  0.0089128605 |             f
   108 |    19332 |     97 |  0.000000E+00 |  0.000000E+00 |  0.0097948409 |         ideal
   109 |    19511 |     98 |  0.000000E+00 |  0.000000E+00 |  0.0118227364 |             f
   110 |    19690 |     97 |  0.000000E+00 |  0.000000E+00 |  0.0044578361 |         ideal
   111 |    19869 |    100 |  0.000000E+00 |  0.000000E+00 |  0.0098923149 |             f
   112 |    20048 |    101 |  0.000000E+00 |  0.000000E+00 |  0.0389586702 |         nadir
   113 |    20227 |    100 |  0.000000E+00 |  0.000000E+00 |  0.0111751616 |         nadir
   114 |    20406 |    101 |  0.000000E+00 |  0.000000E+00 |  0.0046056372 |             f
   115 |    20585 |     96 |  0.000000E+00 |  0.000000E+00 |  0.0644623602 |         ideal
   116 |    20764 |     97 |  0.000000E+00 |  0.000000E+00 |  0.0065633408 |             f
   117 |    20943 |     98 |  0.000000E+00 |  0.000000E+00 |  0.0134045502 |             f
   118 |    21122 |     98 |  0.000000E+00 |  0.000000E+00 |  0.0071848580 |         ideal
   119 |    21301 |    100 |  0.000000E+00 |  0.000000E+00 |  0.0071336040 |         ideal
   120 |    21480 |     99 |  0.000000E+00 |  0.000000E+00 |  0.0072193750 |         ideal
   121 |    21659 |    101 |  0.000000E+00 |  0.000000E+00 |  0.0084944180 |             f
   122 |    21838 |    101 |  0.000000E+00 |  0.000000E+00 |  0.0121875263 |         nadir
   123 |    22017 |     93 |  0.000000E+00 |  0.000000E+00 |  0.0096374765 |         ideal
   124 |    22196 |     95 |  0.000000E+00 |  0.000000E+00 |  0.0121875263 |         nadir
   125 |    22375 |     97 |  0.000000E+00 |  0.000000E+00 |  0.0080375396 |             f
   126 |    22554 |     97 |  0.000000E+00 |  0.000000E+00 |  0.0027453015 |         ideal
   127 |    22733 |     98 |  0.000000E+00 |  0.000000E+00 |  0.0112362985 |         ideal
   128 |    22912 |     99 |  0.000000E+00 |  0.000000E+00 |  0.0058448033 |             f
   129 |    23091 |    100 |  0.000000E+00 |  0.000000E+00 |  0.0030403824 |         nadir
   130 |    23270 |    100 |  0.000000E+00 |  0.000000E+00 |  0.0057584343 |         nadir
   131 |    23449 |     99 |  0.000000E+00 |  0.000000E+00 |  0.0075106532 |             f
   132 |    23628 |     97 |  0.000000E+00 |  0.000000E+00 |  0.0168563932 |         ideal
   133 |    23807 |     98 |  0.000000E+00 |  0.000000E+00 |  0.0308435762 |         nadir
   134 |    23986 |     99 |  0.000000E+00 |  0.000000E+00 |  0.0068714867 |             f
   135 |    24165 |    100 |  0.000000E+00 |  0.000000E+00 |  0.0036212921 |         ideal
   136 |    24344 |     99 |  0.000000E+00 |  0.000000E+00 |  0.0050521096 |         ideal
   137 |    24523 |     99 |  0.000000E+00 |  0.000000E+00 |  0.0039127454 |         nadir
   138 |    24702 |     98 |  0.000000E+00 |  0.000000E+00 |  0.0050061420 |             f
   139 |    24881 |     98 |  0.000000E+00 |  0.000000E+00 |  0.0062455437 |             f
   140 |    25060 |    100 |  0.000000E+00 |  0.000000E+00 |  0.0100487049 |         ideal
   141 |    25239 |    101 |  0.000000E+00 |  0.000000E+00 |  0.0113962453 |         nadir
   142 |    25418 |    101 |  0.000000E+00 |  0.000000E+00 |  0.0097030957 |         nadir
   143 |    25597 |    102 |  0.000000E+00 |  0.000000E+00 |  0.0059721917 |             f
   144 |    25776 |    101 |  0.000000E+00 |  0.000000E+00 |  0.0061360855 |             f
   145 |    25955 |    103 |  0.000000E+00 |  0.000000E+00 |  0.0025629689 |         ideal
   146 |    26134 |    102 |  0.000000E+00 |  0.000000E+00 |  0.0045665897 |             f
   147 |    26313 |    104 |  0.000000E+00 |  0.000000E+00 |  0.0473145833 |         nadir
   148 |    26492 |    103 |  0.000000E+00 |  0.000000E+00 |  0.0496644353 |         nadir
   149 |    26671 |    103 |  0.000000E+00 |  0.000000E+00 |  0.0141596129 |         ideal
   150 |    26850 |    104 |  0.000000E+00 |  0.000000E+00 |  0.0053050501 |             f
   151 |    27029 |    104 |  0.000000E+00 |  0.000000E+00 |  0.0024447095 |             f
   152 |    27208 |    103 |  0.000000E+00 |  0.000000E+00 |  0.0065374171 |             f
   153 |    27387 |    103 |  0.000000E+00 |  0.000000E+00 |  0.0029990028 |             f
   154 |    27566 |    103 |  0.000000E+00 |  0.000000E+00 |  0.0019970434 |             f
   155 |    27745 |     97 |  0.000000E+00 |  0.000000E+00 |  0.0133569486 |         ideal
   156 |    27924 |     97 |  0.000000E+00 |  0.000000E+00 |  0.0031646924 |             f
   157 |    28103 |    100 |  0.000000E+00 |  0.000000E+00 |  0.0055810487 |             f
   158 |    28282 |    100 |  0.000000E+00 |  0.000000E+00 |  0.0025768196 |             f
   159 |    28461 |     99 |  0.000000E+00 |  0.000000E+00 |  0.0032284421 |         nadir
   160 |    28640 |     99 |  0.000000E+00 |  0.000000E+00 |  0.0058198136 |         nadir
   161 |    28819 |    100 |  0.000000E+00 |  0.000000E+00 |  0.0020310067 |             f
   162 |    28998 |    100 |  0.000000E+00 |  0.000000E+00 |  0.0037607764 |             f
   163 |    29177 |    100 |  0.000000E+00 |  0.000000E+00 |  0.0018672257 |             f
   164 |    29356 |    101 |  0.000000E+00 |  0.000000E+00 |  0.0036571262 |         nadir
   165 |    29535 |    101 |  0.000000E+00 |  0.000000E+00 |  0.0180827395 |         nadir
   166 |    29714 |    101 |  0.000000E+00 |  0.000000E+00 |  0.0021403506 |             f
   167 |    29893 |    101 |  0.000000E+00 |  0.000000E+00 |  0.0029137780 |         ideal
   168 |    30072 |    101 |  0.000000E+00 |  0.000000E+00 |  0.0017289561 |             f
   169 |    30251 |    101 |  0.000000E+00 |  0.000000E+00 |  0.0022953523 |             f
   170 |    30430 |    101 |  0.000000E+00 |  0.000000E+00 |  0.0035864760 |             f
   171 |    30609 |    101 |  0.000000E+00 |  0.000000E+00 |  0.0061292564 |         ideal
   172 |    30788 |    100 |  0.000000E+00 |  0.000000E+00 |  0.0131011695 |         ideal
   173 |    30967 |    100 |  0.000000E+00 |  0.000000E+00 |  0.0878394571 |         nadir
   174 |    31146 |    100 |  0.000000E+00 |  0.000000E+00 |  0.0962982424 |         nadir
   175 |    31325 |    100 |  0.000000E+00 |  0.000000E+00 |  0.0022479590 |             f
   176 |    31504 |    100 |  0.000000E+00 |  0.000000E+00 |  0.0074222658 |         nadir
   177 |    31683 |    100 |  0.000000E+00 |  0.000000E+00 |  0.1247920178 |         nadir
   178 |    31862 |    100 |  0.000000E+00 |  0.000000E+00 |  0.0008385240 |             f
   179 |    32041 |    100 |  0.000000E+00 |  0.000000E+00 |  0.0018313069 |             f
   180 |    32220 |    100 |  0.000000E+00 |  0.000000E+00 |  0.0031329746 |             f
   181 |    32399 |    100 |  0.000000E+00 |  0.000000E+00 |  0.0006939716 |             f
   182 |    32578 |    100 |  0.000000E+00 |  0.000000E+00 |  0.0024921674 |             f
   183 |    32757 |    100 |  0.000000E+00 |  0.000000E+00 |  0.0037298212 |             f
   184 |    32936 |    100 |  0.000000E+00 |  0.000000E+00 |  0.0015474197 |             f
   185 |    33115 |    100 |  0.000000E+00 |  0.000000E+00 |  0.0019275555 |             f
   186 |    33294 |    100 |  0.000000E+00 |  0.000000E+00 |  0.0027308972 |             f
   187 |    33473 |     99 |  0.000000E+00 |  0.000000E+00 |  0.0009400743 |             f
   188 |    33652 |    100 |  0.000000E+00 |  0.000000E+00 |  0.0019804095 |             f
   189 |    33831 |    100 |  0.000000E+00 |  0.000000E+00 |  0.0025106411 |             f
   190 |    34010 |    100 |  0.000000E+00 |  0.000000E+00 |  0.0051218502 |         ideal
   191 |    34189 |    100 |  0.000000E+00 |  0.000000E+00 |  0.0010468290 |             f
   192 |    34368 |    100 |  0.000000E+00 |  0.000000E+00 |  0.0016064163 |             f
   193 |    34547 |    100 |  0.000000E+00 |  0.000000E+00 |  0.0029047698 |         ideal
   194 |    34726 |    101 |  0.000000E+00 |  0.000000E+00 |  0.0063752677 |         nadir
   195 |    34905 |    101 |  0.000000E+00 |  0.000000E+00 |  0.0010089225 |             f
   196 |    35084 |    102 |  0.000000E+00 |  0.000000E+00 |  0.0041529299 |             f
   197 |    35263 |    102 |  0.000000E+00 |  0.000000E+00 |  0.0011654654 |             f
   198 |    35442 |    102 |  0.000000E+00 |  0.000000E+00 |  0.0022669676 |             f
   199 |    35621 |    102 |  0.000000E+00 |  0.000000E+00 |  0.0054028234 |         nadir
   200 |    35800 |    102 |  0.000000E+00 |  0.000000E+00 |  0.0026533217 |         nadir
Begin print with Final Cash: 1057373.2746656304225 => return: 0.0573732746656
Month 1:
  Buy: Stock ABT, Amount: 67
  Buy: Stock ACB, Amount: 94
  Buy: Stock ACL, Amount: 299
  Buy: Stock AGF, Amount: 24
  Buy: Stock ALT, Amount: 189
  Buy: Stock ANV, Amount: 4
  Buy: Stock ASP, Amount: 2
  Buy: Stock B82, Amount: 1
  Buy: Stock BBC, Amount: 43
  Buy: Stock BBS, Amount: 7
  Buy: Stock BCC, Amount: 32
  Buy: Stock BPC, Amount: 52
  Buy: Stock BTS, Amount: 2
  Buy: Stock CAP, Amount: 33
  Buy: Stock CII, Amount: 2
  Buy: Stock CTB, Amount: 104
  Buy: Stock DIC, Amount: 4
  Buy: Stock DQC, Amount: 1
  Buy: Stock EBS, Amount: 9
  Buy: Stock GTA, Amount: 2
  Buy: Stock HAG, Amount: 2
  Buy: Stock ICF, Amount: 23
  Bank Deposit: 979942.35
Month 2:
  Buy: Stock BPC, Amount: 102
  Buy: Stock BVS, Amount: 12
  Buy: Stock CAP, Amount: 81
  Buy: Stock CCM, Amount: 5
  Buy: Stock COM, Amount: 20
  Buy: Stock DHT, Amount: 2
  Buy: Stock DXP, Amount: 1
  Buy: Stock FPT, Amount: 101
  Buy: Stock HJS, Amount: 5657
  Buy: Stock HTP, Amount: 1
  Buy: Stock ICF, Amount: 5
  Buy: Stock L43, Amount: 1
  Buy: Stock LSS, Amount: 19
  Sell: Stock ABT, Amount: 11.0
  Sell: Stock ACL, Amount: 299.0
  Sell: Stock AGF, Amount: 24.0
  Sell: Stock ANV, Amount: 4.0
  Sell: Stock B82, Amount: 1.0
  Sell: Stock BBC, Amount: 43.0
  Sell: Stock COM, Amount: 10.0
  Sell: Stock DQC, Amount: 1.0
  Sell: Stock HJS, Amount: 1496.0
  Bank Deposit: 768570.95
Month 3:
  Sell: Stock BBS, Amount: 7.0
  Sell: Stock BCC, Amount: 32.0
  Sell: Stock BPC, Amount: 154.0
  Sell: Stock BTS, Amount: 2.0
  Sell: Stock BVS, Amount: 12.0
  Sell: Stock CAP, Amount: 114.0
  Sell: Stock CII, Amount: 2.0
  Sell: Stock COM, Amount: 10.0
  Sell: Stock CTB, Amount: 104.0
  Sell: Stock DHT, Amount: 2.0
  Sell: Stock DIC, Amount: 4.0
  Sell: Stock DXP, Amount: 1.0
  Sell: Stock FPT, Amount: 101.0
  Sell: Stock GTA, Amount: 2.0
  Sell: Stock HAG, Amount: 2.0
  Sell: Stock HTP, Amount: 1.0
  Sell: Stock ICF, Amount: 28.0
  Sell: Stock L43, Amount: 1.0
  Sell: Stock LSS, Amount: 19.0
  Sell: Stock ABT, Amount: 56.0
  Sell: Stock ACB, Amount: 94.0
  Sell: Stock ALT, Amount: 189.0
  Sell: Stock ASP, Amount: 2.0
  Sell: Stock CCM, Amount: 5.0
  Sell: Stock EBS, Amount: 9.0
  Sell: Stock HJS, Amount: 4161.0
  Bank Deposit: 832197.48


Final Cash: 1057373.2746656304225 => return: 0.0573732746656
