NSGAIIIHOP
seed 0 [0.2867759527133, 0.0253696619482, 0.0079705415787, 0.0204491724372, 0.0287898497676, 0.0950250058234, 0.1106267526790, 0.0244863187013, 0.0229033024868, 0.0179143629181, 0.1989159293084, 0.2103658605146]
seed 1 [0.1024436568464, 0.0090241929080, 0.0069166675107, 0.0470527314760, 0.0282610413755, 0.0423868329331, 0.0402409979045, 0.0474054921999, 0.0228573893364, 0.0091729398905, 0.0260720742475, 0.1445586963944]
seed 2 [0.2261708483775, 0.0184796912541, 0.0187034339818, 0.1462196852737, 0.2244841447195, 0.2120844496051, 0.2031060036774, 0.0623754865227, 0.1968269859701, 0.0503942805360, 0.0520021041777, 0.4943190962099]
seed 3 [0.1948072618210, 0.0037691407732, 0.0071525236846, 0.0082652870196, 0.1623381419244, 0.1307050730654, 0.1029174566504, 0.1186943071868, 0.1381867797054, 0.1098278825295, 0.1353383216597, 0.3774290950119]
seed 4 [0.2445294819358, 0.0063807046122, 0.0206815390392, 0.0200365112837, 0.0565859097446, 0.3095190490646, 0.0455043451090, 0.2010863433687, 0.0300615707069, 0.0328121241619, 0.0403216688888, 0.0961370563947]
seed 5 [0.2318693708413, 0.0268595401788, 0.0047616429224, 0.0118268169992, 0.0235393146309, 0.0263710382875, 0.0255811993058, 0.0262563653666, 0.0966532379810, 0.1386649444027, 0.0924546366113, 0.1343550401830]
seed 6 [0.2698606104215, 0.0254573622810, 0.0206093830348, 0.0390790446863, 0.4067055042485, 0.0639042556263, 0.0790042670872, 0.0730899121251, 0.0608563715480, 0.0679265328490, 0.0709106549874, 0.1276774879015]
seed 7 [0.1819430935572, 0.0096792686509, 0.0042892347814, 0.0168423572180, 0.0231586444024, 0.0550681601931, 0.1796455597369, 0.0154854362754, 0.0240022355202, 0.1473942370134, 0.1300399062016, 0.1195742266226]
seed 8 [0.0862716850989, 0.0218664371653, 0.0109697505474, 0.0101919528871, 0.0257193722135, 0.0306666257162, 0.0281152706054, 0.1103758018966, 0.0891128676411, 0.1176376471180, 0.0166545503640, 2.5034233146931]
seed 9 [0.2488053826122, 0.0233873460699, 0.1906140961819, 0.0144828833105, 0.0176410548334, 0.0204891133637, 0.0898520600996, 0.0893713639600, 0.0350000101236, 0.0445411843557, 0.0348997232902, 0.1521018230366]

NSGAIII
seed 0 [0.2998453285731, 0.0683498833357, 0.0229305084202, 0.0196051846324, 0.2934152245745, 0.3134266809436, 0.1088793341379, 0.0913421490480, 0.0157880362585, 0.0151396440889, 0.0394551533690, 0.0890870200598]
seed 1 [0.2999742523152, 0.0587241115554, 0.0172427217846, 0.0164132636100, 0.0352157738584, 0.1059661694578, 0.1094910868626, 0.0156975584103, 0.1656746061796, 0.1656796047174, 0.0390601048312, 0.1723997368480]
seed 2 [0.2997660342503, 0.1732718887159, 0.0389854583967, 0.0452236583651, 0.0502552711210, 0.2684208348016, 0.2675161312731, 0.0560807632667, 0.0292422927486, 0.2560276259778, 0.0144087679132, 0.1843805334199]
seed 3 [0.2986513905122, 0.0607744829259, 0.1388004069701, 0.1313260980812, 0.0978536500299, 0.1038677240186, 0.1562488183392, 0.1626946107163, 0.0769342565330, 0.1060527320558, 0.0613582999829, 0.0513507987281]
seed 4 [0.2992230608781, 0.0593373322337, 0.0166742920782, 0.0324900143956, 0.0353859129423, 0.1274789287818, 0.1665862881450, 0.1022730886255, 0.0083622228740, 0.1689867601036, 0.0356924069624, 0.0494468295741]
seed 5 [0.2998321456902, 0.1039783063268, 0.0550325071621, 0.0566942957791, 0.0666279262956, 0.2612924906334, 0.0351278373520, 0.0280156661300, 0.0956948247427, 0.0142288919689, 0.1097706493067, 0.0522756866197]
seed 6 [0.2995932911845, 0.0515438805987, 0.0170316518246, 0.0217473596763, 0.0251404384359, 0.6366043820774, 0.0452860520532, 0.1696910780556, 0.0041843270051, 0.0114774348315, 0.0754737713170, 0.1097494205469]
seed 7 [0.2997767899015, 0.0545765123837, 0.0231461682103, 0.0259499957973, 0.0277249123069, 0.2076887740400, 0.1977877050837, 0.1110906769529, 0.1174736860261, 0.0312753187897, 0.0253460870081, 0.0910302414184]
seed 8 [0.2999966978164, 0.0778197020083, 0.0447938519934, 0.0487151798236, 0.0658162992326, 0.0390751152940, 0.1722429719817, 0.0975924808474, 0.0119134375799, 0.0263781029913, 0.0329019903627, 0.1070467516561]
seed 9 [0.2993934157435, 0.1112565444048, 0.0265753744696, 0.1856497561510, 0.0512527456450, 0.0742466468953, 0.0578590540899, 0.0555812220243, 0.1053162492305, 0.1099554799482, 0.3086168232382, 0.3076232024462]


SMSEMOA
seed 100 [0.2999519326513, 0.0500171246281, 0.0019791331907, 0.0044735414568, 0.0193258802823, 0.0286885637922, 0.0221481930547, 0.0167454878316, 0.0587970489128, 0.0383390680464, 0.0491473443964, 0.9902816386869]
seed 101 [0.2988745169261, 0.0330435793032, 0.0018640628757, 0.0168468713877, 0.1462448222127, 0.1366942632594, 0.2914166268555, 0.1711171943465, 0.0991750155222, 0.0960033559374, 0.0488222471040, 0.0681395869506]
seed 102 [0.2998819426178, 0.0623823291950, 0.0311759596804, 0.0354060188165, 0.0388073332488, 0.2137067823709, 0.2317551837433, 0.0519661598187, 0.0609072535378, 0.0553227377262, 0.0693779275001, 0.1338827579070]
seed 103 [0.2994661925936, 0.0411023303315, 0.0007154775113, 0.0392477759207, 0.1209275441490, 0.1432870793998, 0.1489064803244, 0.0456094805736, 0.0450171181311, 0.0594740025395, 0.1249205195738, 0.1489861302464]
seed 104 [0.2993418841304, 0.0300209368158, 0.0058567992985, 0.0053835214161, 0.0102920735505, 0.2624953330083, 0.1378222965653, 0.0080669449817, 0.0342441702502, 0.0210945586959, 0.0283729297099, 0.0478465861171]
seed 105 [0.2999355791450, 0.0359508254996, 0.0038080175041, 0.0066923131356, 0.0102690939943, 0.2068692761715, 0.1948019360935, 0.0206796949047, 0.1328618958262, 0.1290103728703, 0.1340239126840, 0.1616491328342]
seed 106 [0.2982231699694, 0.0369414120964, 0.0079635193012, 0.0113569332294, 0.0098080731009, 0.3063181534429, 0.0135776572301, 0.0115976401559, 0.0465935066338, 0.0453507134328, 0.0577830669810, 0.0902650762207]
seed 107 [0.2997881568482, 0.0449256609401, 0.0437307169479, 0.0052411405160, 0.0616738654759, 0.0591744254380, 0.0248648364968, 0.0320408304697, 0.0268639518180, 0.0303642046311, 0.3902327687156, 0.4057499576211]
seed 108 [0.2998185261456, 0.0331068243480, 0.0021799861648, 0.0021268923450, 0.8738371883001, 0.7517923532114, 0.0474681383251, 0.1037978265133, 0.0342606811935, 0.0362835213614, 0.0420037465207, 0.1138557628664]
seed 109 [0.2997947048058, 0.0407443801510, 0.0130217383640, 0.0270728665165, 0.0278554675532, 0.0449294927517, 0.0527112000502, 0.0276579443450, 0.0830174304106, 0.0776805610715, 0.2605676078948, 0.2663809293187]

CTAEA
seed 100 [0.2996627153275, 0.0941886915414, 0.0193098607782, 0.0084211651740, 0.0534543820052, 0.4544034169222, 0.4427656131011, 0.4129426796191, 0.3956528086614, 0.5936613439000, 0.1522247174880, 0.1688821040573]
seed 101 [0.2998973068664, 0.1138125791482, 0.0560339916887, 0.0915496113492, 0.8027797344094, 0.7775908025905, 0.3933532641750, 0.1209066823776, 0.0763172174780, 0.0457533654899, 0.0499614498686, 0.1197935980162]
seed 102 [0.2999693726510, 0.1551679257210, 0.0027318052257, 0.1822840940426, 0.7915252800444, 0.4379941682645, 0.4092978772094, 0.2070405155136, 0.1960468081884, 0.0265987195999, 0.8109007369974, 0.7705950466005]
seed 103 [0.2999489048572, 0.2183043284367, 0.1141923697359, 0.0777576795512, 0.0993027918388, 0.5510248216630, 0.5388493861714, 0.2254516548865, 0.1916712116274, 0.2034288156007, 0.1992380256396, 0.2075093541795]
seed 104 [0.2999682155387, 0.1706258032168, 0.0893981880557, 0.1043586901771, 0.6105084146918, 0.1732834852671, 0.2245359876673, 0.3267648976754, 0.1997752691085, 0.4380000669493, 0.0069390078423, 0.3633290357772]
seed 105 [0.2999877692072, 0.1663919836868, 0.0734624067851, 0.1334210617266, 0.0990366750302, 0.0974014241306, 0.0526631471947, 0.0557001305148, 0.0572758048396, 0.0741279484154, 0.0527896995095, 0.6180997044981]
seed 106 [0.2999136891508, 0.0742266958774, 0.5766558896745, 0.4512030975925, 0.3328921052136, 0.2392100966931, 0.2528225966098, 0.2475900700687, 0.2371736128999, 0.1904531869628, 0.3435985016185, 0.9390198491461]
seed 107 [0.2999835628281, 0.0981247773972, 0.0438217024987, 0.1899820756556, 0.1162716808656, 0.5042480209307, 0.5236664211856, 0.1516495674388, 0.0884009560693, 0.1041244051944, 0.1198193996356, 0.0016631589900]
seed 108 [0.2996266734808, 0.2470783807317, 0.1781893496886, 0.0739192493845, 0.9055757490057, 0.7899294637830, 0.9716480611982, 0.7217060323529, 0.7248031614687, 0.6961370539737, 0.3258845179130, 0.1599489157921]
seed 109 [0.2999439431855, 0.2096454346701, 0.0505161503897, 0.0254559466532, 0.5387657538240, 0.5080806959553, 0.0628250473365, 0.0581308609868, 0.0504810213248, 0.2167143125722, 0.2471649256520, 0.5248792408372]

UNSGA3
seed 100 [0.2936842934613, 0.3083278796084, 0.0535764498488, 0.0129759786557, 0.1597685229527, 0.2480220967556, 0.2845232224508, 0.1314185247157, 0.0007822856671, 0.3626860352968, 0.4532449957024, 0.1965666342031]
seed 101 [0.2946981760605, 0.3743203127763, 0.3247809017114, 0.2789225662198, 0.1935998305239, 0.2115435963561, 0.3050573735667, 0.1964891812618, 0.0230697907785, 0.4436126810630, 0.1042475153135, 0.1723462046220]
seed 102 [0.2971460537158, 0.2452694219803, 0.0505613698684, 0.0191152154945, 0.2094481815766, 0.3210986459768, 0.2357201520827, 0.0636184572074, 0.0032010087588, 0.0959177161138, 0.4953668163275, 0.1694692190604]
seed 103 [0.2926238220725, 0.2562713932624, 0.0443241824769, 0.0440808436990, 0.1803932799031, 0.2544121952814, 0.2222643229871, 0.0861105092187, 0.0094270273986, 0.4155071607530, 0.3714379312828, 0.1641851472633]
seed 104 [0.2613801321687, 0.2831046707883, 0.1381350088824, 0.0474526307663, 0.1558494882698, 0.2978393095688, 0.2732367580690, 0.1698261184803, 0.0000023758788, 0.3782702657032, 0.4074356627107, 0.1916527441196]
seed 105 [0.2920781840289, 0.2732029633146, 0.1067965758627, 0.1742806338149, 0.1758493318242, 0.1338390000181, 0.1612056651595, 0.2939763031988, 0.0408974157361, 0.4233637803581, 0.4523264180316, 0.2718227573457]
seed 106 [0.2958631946966, 0.2916942871823, 0.0907868920339, 0.0447054403112, 0.2667135063866, 0.2290318673344, 0.1883116575075, 0.1218096683438, 0.0622016450276, 0.3775427440422, 0.0596768919811, 0.2508015836058]
seed 107 [0.2888652618681, 0.3205728060190, 0.1880258626242, 0.0274594064385, 0.1560052568226, 0.2119795991045, 0.2326644410395, 0.1632761459397, 0.2171985004051, 0.0465395055960, 0.5693830800553, 0.3365802341771]
seed 108 [0.2925786737210, 0.2630204764660, 0.0956168577348, 0.0316718324528, 0.2326310443862, 0.2682967410971, 0.1910612287911, 0.1892442528630, 0.2470880277895, 0.1665248561220, 0.1333037986736, 0.1917977292940]
seed 109 [0.2961896649588, 0.2949372627286, 0.1435315679333, 0.0409716230572, 0.2887679830440, 0.3567481619632, 0.3680372956731, 0.1480563760460, 0.2057638865460, 0.2550889990014, 0.1705732899317, 0.0958814924476]

RNSGA3
seed 100 [0.2981365070542, 0.0373205974007, 0.2148175007530, 0.0810324678316, 0.3172698685247, 0.3279814289305, 0.2986536752563, 0.2261469862185, 0.2263124209210, 0.2199708433555, 0.2983210607117, 0.2647129676594]
seed 101 [0.2871653225273, 0.0301345292775, 0.0077134177540, 0.0422266987030, 0.2861985846896, 0.0434418263511, 0.0384885893108, 0.0392395402480, 0.0362775194391, 0.0392291669915, 0.0413051688615, 0.0569996959050]
seed 102 [0.2963290854653, 0.0381250169243, 0.0087497824439, 0.0071901092385, 0.0125773719566, 0.2425440429410, 0.0113466950303, 0.0066979452411, 0.0038953579195, 0.0017484700089, 0.3759806299041, 0.3019259526005]
seed 103 [0.2648785864755, 0.0539934342532, 0.0042813547834, 0.0050210768649, 0.0102167369798, 0.2701180890664, 0.0108943609437, 0.0117035796010, 0.0142144012297, 0.0154942256127, 0.0185806441821, 0.0332917447921]
seed 104 [0.2944433179605, 0.0459578409720, 0.0045374299687, 0.0530319076237, 0.0637513522701, 0.1021289116742, 0.0107038953682, 0.0169701660616, 0.0499198734041, 0.0246795419932, 0.3139466780781, 0.2509081721749]
seed 105 [0.2749299260692, 0.0302447212628, 0.0026693775965, 0.0540448819284, 0.1986225874744, 0.0143077138689, 0.1702525569023, 0.1818340043130, 0.0089831906142, 0.0162194244280, 0.0720182458363, 0.1028542872661]
seed 106 [0.2904275358923, 0.0339726836726, 0.0053606528757, 0.0672653321471, 0.3614534668599, 0.0549270047090, 0.0548805725422, 0.0552129247502, 0.0353196761288, 0.0332529126090, 0.0344218909330, 0.0465250855674]
seed 107 [0.2967505212768, 0.0309010563629, 0.0609700700758, 0.0034953447849, 0.0069506206570, 0.1478195765915, 0.0355233921783, 0.2128937099817, 0.0073071361179, 0.0075419592088, 0.0097328369394, 0.0104687724640]
seed 108 [0.2571815660486, 0.0272182681768, 0.0005971870321, 0.0068119485319, 0.1843393769768, 0.3239431322036, 0.0191131175087, 0.0207172712662, 0.1481091099484, 0.0094250404286, 0.0132632174511, 0.0289203102616]
seed 109 [0.2734675437287, 0.0318838435719, 0.0001595232898, 0.0423920308750, 0.0475458981507, 0.0305486859619, 0.1028152882058, 0.0319440282585, 0.0114546207383, 0.0083342370018, 0.0055206379063, 0.7566176965553]

